9036	1
4568	7
9621	6
6766	7
9236	3
6	5
2283	0
1064	6
7249	4
2133	0
8388	6
1461	3
3022	6
1360	0
583	6
9450	0
4615	4
3539	6
3904	1
1045	6
876	0
8898	1
9396	4
8251	3
3500	5
9012	4
9538	1
8273	3
4834	3
603	1
4357	3
333	5
4003	5
2932	2
6103	2
3042	5
3428	1
3597	1
8577	3
5479	6
3727	7
4626	3
9073	0
6670	6
8285	7
4927	3
4032	7
3666	0
8184	6
3353	2
6926	7
2459	3
740	6
2871	3
3229	4
1230	0
2553	4
3211	2
3613	6
4802	1
923	4
3189	7
2286	2
2468	7
5594	6
2187	5
8069	0
7412	7
8387	4
6677	2
8800	1
9904	4
7443	3
4468	5
5148	4
2124	5
6469	3
1071	3
6361	2
3443	1
170	3
7462	5
3456	4
5008	7
3555	2
901	6
8410	0
1728	1
6279	3
2494	6
3796	7
4045	3
1483	6
6969	4
3901	7
6972	3
4754	6
8815	7
1819	2
5735	0
9089	4
9143	7
8168	6
4334	3
2268	6
3399	1
672	6
283	2
1321	3
1674	5
5071	0
4532	7
4402	2
6008	6
7463	2
1805	7
57	0
3217	0
8026	1
2054	3
5896	3
4955	7
5278	3
3019	0
6649	0
8589	5
5172	3
2842	0
5203	1
7065	0
3382	4
3365	0
9639	3
7479	7
1642	7
8325	4
5495	6
463	7
1799	7
6536	4
2702	2
7274	1
6781	4
4485	4
8863	4
7346	5
422	4
4689	6
7125	2
6483	4
757	6
5800	6
5906	1
1152	3
4172	7
1018	4
1630	4
8341	6
5466	4
1055	1
3620	6
2813	7
6381	3
6626	5
6370	6
2737	1
7476	3
4307	3
653	4
5127	6
7565	1
2183	3
1371	1
5456	7
3523	3
7168	7
3701	7
4140	5
4585	6
1616	6
710	5
6533	7
6412	5
2574	7
3233	5
7760	5
2224	4
9553	6
7042	7
8582	1
8221	4
6607	5
6446	5
7836	1
1302	7
9606	3
824	3
9192	3
8551	3
3345	3
280	4
6222	4
2858	4
9361	7
3269	6
8152	5
2114	7
8655	3
8466	3
6638	7
9530	1
9582	5
5693	5
3084	3
5429	5
1331	1
5292	7
4101	2
2742	3
7035	3
2924	3
288	1
95	3
9451	6
8631	7
1981	7
3300	4
6386	1
4633	1
4889	3
6900	5
5920	5
3187	4
7750	6
7631	6
4586	6
6072	4
9605	0
1864	0
5752	3
1539	4
9821	4
1851	2
6575	7
1822	6
430	2
2390	2
8516	3
7247	2
9927	5
2331	3
1766	0
6983	7
2171	4
2092	0
9321	4
4128	3
7627	1
832	6
2872	5
4281	4
7254	7
2037	7
818	0
9007	4
935	2
644	3
3131	6
828	3
5163	3
7602	4
9204	7
4144	6
2394	3
1372	0
3868	1
6133	6
2075	6
2997	6
9620	4
6842	1
4254	4
6504	1
9888	2
5256	7
7681	5
5813	4
5989	4
5493	2
5297	0
1471	6
2034	1
4584	7
883	1
5243	0
9486	4
9278	3
9950	7
773	5
3204	3
8718	4
7626	7
2145	5
7820	4
6941	6
7895	0
4006	5
9676	1
5357	0
9216	5
1693	3
9670	2
2893	1
2195	1
7517	1
4173	0
7060	3
5767	4
17	7
2455	3
516	1
4590	5
1488	0
3685	5
5832	2
2576	5
5770	4
8569	6
8597	4
9829	6
2462	5
5326	1
9262	6
3785	7
3865	5
2715	6
7119	5
8780	6
8690	4
2417	5
5191	5
4506	4
5886	5
2437	5
835	6
8835	5
3027	4
1374	0
8518	0
1685	0
6308	7
2240	1
4239	6
9523	0
7671	6
7055	7
6106	6
8687	0
7485	0
9597	5
8328	4
3449	0
3848	4
4808	4
1615	4
2426	0
649	6
241	1
593	5
6459	0
1823	0
4515	4
2107	2
9689	5
696	5
2299	7
3713	7
4039	0
190	7
5123	1
4877	1
5748	5
8698	0
4411	5
7985	0
6529	4
9428	1
6582	5
7818	0
461	0
6205	7
1278	7
451	7
4344	0
9198	1
4702	6
1941	7
116	1
6998	6
420	0
1460	5
1234	6
8467	7
4014	0
2849	7
8634	7
9265	1
7172	6
9722	6
7751	5
8787	4
3675	6
9163	5
2900	4
7481	6
7103	5
8122	0
7999	6
4640	6
8854	3
2899	5
2140	7
5221	6
2655	0
8722	5
647	6
5387	6
4179	6
6399	1
5133	0
1389	0
9493	0
2238	0
917	7
610	1
7210	7
8788	4
6390	5
1144	6
8510	5
5138	2
9643	6
9529	1
0	4
2595	7
1507	5
8052	0
2137	4
5890	1
3377	7
7957	2
7287	0
4122	0
7638	1
8121	0
7792	7
2458	1
7964	0
8063	1
1794	4
6181	0
6841	2
2479	2
6822	1
5508	6
9892	0
6676	6
9549	4
1754	7
5350	0
7023	6
5932	0
7769	7
9230	7
8850	0
4476	4
2817	4
4434	1
7940	0
7618	4
1281	4
2697	0
7293	0
6221	6
6086	2
779	5
6260	4
599	5
5197	6
1039	2
9147	4
7114	6
855	0
9239	5
6033	7
6803	0
2427	0
5135	4
9341	5
8321	5
3192	6
8147	5
9673	6
1561	1
3836	1
1282	6
6799	5
4492	7
5268	0
2074	5
6409	6
4601	0
8203	2
4932	4
4914	5
7115	1
1334	6
23	4
4257	1
9297	4
3661	2
4164	5
3359	0
1842	5
5478	0
3906	4
2684	1
1188	7
3970	6
2478	6
8297	5
853	1
2713	2
1902	6
4679	6
2430	1
7727	0
4024	1
2400	6
5799	7
7013	6
2062	1
9013	5
234	0
8250	6
6702	4
6482	1
678	7
3227	6
2234	4
2434	7
8741	6
2142	0
1029	4
2529	1
838	5
5716	4
4772	4
3153	6
7423	5
78	4
4993	6
6224	4
4798	1
8574	1
3154	5
5470	0
5639	0
3309	1
7074	5
5574	6
7942	5
7496	0
7757	7
8805	5
5286	0
2083	0
5757	5
1330	5
5591	0
2589	0
1097	4
4695	0
5249	0
7519	0
6868	1
1996	0
3572	7
2621	7
5791	1
5983	1
6637	1
6596	5
4158	1
6581	4
3150	0
6561	5
2497	0
6840	5
4797	5
6023	1
8421	1
693	5
4466	2
3625	0
3043	2
861	2
4554	0
1721	5
2704	3
4763	1
9473	5
5764	6
875	7
7737	5
4107	5
6873	7
6122	6
5205	5
6770	1
7925	7
3667	3
961	4
8439	5
2039	7
1797	1
6079	4
6904	5
2290	5
8744	4
5333	1
3202	7
9822	0
5097	5
6877	0
1406	5
262	0
2464	1
6037	4
6148	1
5250	7
2618	0
3426	6
6389	2
6661	4
4096	5
708	5
4289	7
9962	5
4456	6
3916	1
1523	7
3371	5
3697	0
2658	6
3364	1
1380	1
384	1
6818	7
8865	1
618	7
1403	6
248	0
5807	0
9842	0
9668	6
8661	5
1003	7
6171	0
2650	5
5928	7
3791	0
4500	6
6019	4
4296	6
1276	4
2492	1
9905	7
5567	7
8042	6
7601	4
3702	7
3333	0
4293	4
4207	1
3159	1
4781	5
9575	0
5836	1
8797	0
9225	7
2343	6
63	1
2919	5
3686	2
4208	7
3704	6
2094	4
9160	0
1034	6
5356	7
5555	2
6995	0
5155	0
6837	1
7908	0
8074	5
8298	7
7245	5
1294	1
4415	7
635	1
504	6
8786	0
9700	4
6659	7
3440	1
7573	7
4981	7
9704	2
4044	1
5733	5
5165	5
4915	5
3665	4
905	4
999	0
4371	4
8208	1
9463	6
6178	5
8314	6
4300	4
5117	4
5284	4
4315	1
9127	7
7121	0
6970	2
9574	7
5210	5
9100	1
9771	7
8666	6
6576	6
9869	4
6055	7
5744	7
2907	7
1148	6
1583	4
3341	4
6038	6
3671	5
6698	7
7033	2
3208	5
5977	4
4523	0
6573	6
6147	4
6156	6
7815	7
9816	4
6486	0
6707	5
2186	4
7208	1
9087	7
2482	1
940	6
1853	5
8621	0
6785	5
5725	3
209	6
6349	3
8377	0
7178	1
9146	0
6641	0
2847	5
3682	4
9084	1
2925	5
6949	0
887	0
8301	6
3347	1
8127	2
9610	5
1863	7
1856	6
9939	4
9810	5
3924	0
7246	2
5294	4
5950	6
3565	5
1219	7
3026	1
5937	5
2760	0
7973	1
3912	5
5524	6
4116	1
1737	2
6283	4
7854	6
5994	1
5006	6
65	5
6653	5
8091	5
2128	4
4614	1
8602	5
844	6
9593	2
1971	4
743	7
5114	7
7699	3
7521	7
2532	5
3170	4
1542	5
9223	6
6947	6
9587	6
9316	5
3236	7
5821	5
2895	1
9666	5
548	4
5645	7
386	4
846	4
470	3
1054	7
1725	7
2440	7
4212	1
3815	5
8014	1
6379	6
4758	4
493	0
1937	2
7995	2
2267	0
4519	6
8724	4
1968	1
1727	4
9584	4
8629	7
5603	6
1991	5
5280	6
3683	5
6426	3
612	6
4605	7
7453	2
5015	7
8237	6
3629	0
9525	5
6991	1
6051	0
5001	0
9029	1
2638	7
9611	5
1953	3
8539	5
8561	1
3431	2
984	3
5971	0
7841	0
4661	6
2105	5
2146	7
6644	0
2285	1
8999	7
476	7
6621	1
9298	6
2007	1
3012	0
4717	2
5435	0
2555	7
6815	3
1196	4
392	5
7116	7
4716	4
7670	1
8952	0
8525	0
7000	2
8171	0
8233	7
5841	7
1848	1
4994	3
4432	1
6275	0
5902	4
8784	4
8205	3
3734	4
1092	0
3711	0
2378	1
3753	7
9293	3
5423	0
975	4
3448	3
9411	5
744	1
6916	4
2304	5
7028	4
8339	1
4266	4
7960	7
4287	4
1271	7
7740	4
8342	5
5973	5
2781	4
9543	0
7395	0
9627	7
9716	3
457	5
114	0
8116	1
7229	6
1476	1
6572	1
4453	5
6309	2
3577	0
3843	4
6713	7
9385	4
8336	6
2149	1
2779	7
3874	1
1786	7
552	5
3638	5
1579	0
8156	3
2535	6
7371	6
1479	6
3639	2
1914	0
3644	4
7878	3
2053	4
1625	1
6441	7
2174	6
5052	4
694	7
1963	5
8809	5
566	5
1375	7
2398	0
4860	4
125	4
225	0
7262	7
1023	0
1710	4
4971	0
7910	1
8537	2
8825	4
9743	6
7082	6
6256	1
9256	6
4715	0
7272	1
6827	7
2473	0
8111	0
1812	0
2642	5
9438	0
1556	7
9506	3
990	0
3190	0
6691	5
1468	1
3989	4
2569	6
7442	1
6559	4
6494	5
5177	3
1074	5
4644	1
6251	5
2739	6
1525	7
1759	6
3922	1
3679	7
4370	7
1398	5
9548	0
7906	3
621	1
2604	6
9853	1
9455	0
1840	1
3690	3
1441	5
2944	5
5904	7
183	4
6557	7
6552	6
4599	1
8441	7
6731	1
6811	6
8654	3
5188	3
5873	4
9557	7
426	0
7981	7
2995	5
3065	3
4320	5
9005	2
3256	3
5029	6
9956	5
4712	0
2537	3
2391	7
3060	0
4531	6
7084	5
3807	6
6959	3
6241	5
3206	7
4546	3
7221	0
6833	0
5272	0
145	7
9578	3
1835	7
4393	7
284	1
5882	7
3230	1
5705	1
2025	7
1197	4
6443	4
7813	6
9985	1
4611	1
817	5
4250	5
6988	5
3779	0
7907	1
9090	1
5625	5
4322	5
7160	7
3034	0
964	1
9142	0
2405	2
1781	2
2814	1
9324	0
2020	4
4420	5
2568	5
7138	6
2383	4
8804	6
3295	5
3089	1
2767	4
6092	0
4852	0
6500	6
1913	5
9965	0
5432	1
5707	7
5719	1
9487	5
301	3
4969	5
5621	3
813	7
8882	3
4957	7
3771	4
71	4
9612	4
8950	6
5492	0
9925	5
465	0
3005	4
5943	1
1265	6
7905	7
3091	1
8847	1
1451	4
7509	3
1224	4
1288	7
8355	0
1193	7
3093	6
4946	4
4438	6
5786	3
9957	4
4395	6
2435	6
3650	3
1418	5
2536	0
8020	2
5629	3
2381	2
9971	3
6601	3
5490	3
7181	5
1827	4
8740	6
2318	1
2068	0
5912	4
1	5
6879	3
9311	3
97	0
9051	6
4023	3
2844	1
9096	6
2232	7
9315	7
5468	6
3986	6
9887	6
7542	6
6733	4
304	6
3786	5
4784	0
784	3
8058	5
8960	6
5881	4
3323	4
5869	4
9678	2
7695	5
2751	4
922	6
6480	6
3402	7
3438	7
6711	1
6775	4
4617	7
5619	7
7691	4
5102	6
2215	6
9645	1
9804	7
8596	6
5038	5
8445	0
3111	5
7486	0
4731	4
2735	6
99	6
4079	3
866	4
6447	5
7978	3
3557	1
8372	1
4329	6
9736	3
1665	1
7067	0
8548	6
9307	2
9893	6
4317	7
9599	4
1049	3
6182	0
3855	5
6154	3
3263	0
1319	1
5951	6
441	4
8469	1
7307	4
7424	4
410	4
898	3
2009	2
6728	1
9847	6
1145	0
7742	4
7001	5
5231	0
1631	5
5980	3
3139	0
5883	1
5235	3
4390	5
3526	3
8109	7
6192	5
4292	4
3234	5
691	4
2889	1
5833	7
4247	1
3240	7
3305	7
37	4
224	7
7124	3
2193	4
3692	5
4911	1
5617	1
9209	0
7078	6
5552	1
1680	3
6751	6
7998	1
9674	4
6385	3
7017	0
6210	4
523	2
5409	6
6777	1
2810	6
3933	4
8644	2
9588	0
8625	6
3896	4
9706	1
2745	1
7202	6
2256	3
8329	7
9784	2
9532	1
6976	3
6271	1
7566	6
213	6
2885	0
8816	7
35	1
6282	6
2207	5
711	5
4668	0
2567	6
86	7
1112	1
9879	1
1656	4
7009	1
3553	3
9294	6
3261	3
7758	5
6932	1
1299	5
2825	1
435	0
6658	0
3132	2
7564	4
8375	4
8639	4
3080	6
496	3
862	3
3360	0
9776	7
7652	4
5691	6
3927	3
3608	6
673	5
9061	2
5232	7
8002	4
6136	1
4612	4
4910	1
6346	1
1931	0
281	6
7812	1
36	5
4818	4
1541	4
9556	6
5865	1
6050	2
1726	0
2416	7
9948	0
1589	6
4963	2
3992	0
2890	6
6710	7
3528	6
2170	3
8324	3
5891	5
7142	6
1401	1
309	4
1313	6
2313	6
6779	6
1885	4
739	3
5489	4
8283	2
4936	5
1501	3
6964	2
7668	7
382	6
5798	4
9823	3
5916	4
8206	5
8892	6
406	7
4591	5
8618	0
26	0
2552	3
6816	1
5637	1
5834	0
8613	4
4550	0
7097	3
9231	2
6242	7
6946	5
7686	4
3563	4
1085	5
8398	4
7514	4
8611	4
6738	4
3876	4
1050	6
5699	2
1192	1
1998	3
2675	4
9380	4
2845	6
3551	0
1181	4
1046	1
1601	1
6068	6
8528	4
8083	4
2687	6
2413	3
9930	3
5674	4
2769	0
8699	6
9120	1
9041	7
5049	3
996	1
8568	1
408	0
9228	5
1226	0
4665	6
3974	1
3645	4
717	6
7526	6
5806	6
6517	4
4383	0
3433	3
5743	2
5630	2
3571	6
2591	4
9994	4
6704	4
8103	5
1696	1
6478	3
6950	4
8394	1
7651	5
6232	5
7447	1
9429	4
8407	1
3997	4
7430	4
8899	4
2349	4
8458	4
7280	0
8068	5
4616	4
3828	2
7633	1
7467	6
9032	4
7661	7
6838	0
4918	6
9764	7
2565	5
1930	0
9440	3
9434	4
5978	4
9092	4
328	5
7708	3
6013	3
9528	5
8707	5
9083	6
6797	0
4249	6
3245	1
7345	6
4218	1
2172	3
6980	6
1883	0
8660	0
3730	2
12	5
2087	4
8742	3
1174	3
8449	5
7624	4
7543	6
7296	3
9788	5
3429	7
6794	0
3799	4
257	7
8841	6
3724	5
8262	7
9733	4
2367	0
2233	6
8374	7
6752	5
5233	2
9586	5
6333	3
8097	4
2086	4
6594	7
1445	4
4169	7
3533	4
2276	7
8986	2
8462	0
4873	4
4673	7
3083	0
6292	0
8501	3
9758	7
4682	6
2270	5
7133	7
7255	0
7008	0
2723	0
4788	5
1745	6
8861	0
3589	4
4940	0
8217	7
2956	7
703	4
8620	0
8935	0
5581	3
2280	7
1061	7
9671	2
9617	1
4908	1
3098	7
9313	5
4406	6
1077	0
8046	7
1131	2
7323	3
6975	7
3513	7
2425	4
8215	7
1293	7
2784	6
7321	7
270	4
5056	1
5571	7
3454	1
992	0
4812	1
7358	0
4348	4
6240	7
8483	7
6373	6
8803	0
3462	7
4119	2
6699	0
2966	7
5667	0
1547	0
4396	0
6948	0
2917	2
7814	2
7153	7
2967	7
4825	7
1221	7
4537	3
646	7
5541	0
6542	3
110	4
6025	7
7736	0
9656	2
4011	0
9050	3
7459	7
9066	6
2194	0
172	0
6614	0
1554	5
826	7
8745	7
7039	0
2453	0
8059	7
3172	0
9197	4
7034	0
3575	0
1042	0
6875	0
7800	4
3422	5
1837	5
9394	0
6805	0
799	6
293	3
6984	2
8552	2
266	6
3656	2
7804	4
1385	7
1022	3
9211	7
8212	0
1697	7
8176	6
4950	0
879	1
5043	7
9630	7
3844	7
5960	6
3069	7
9259	1
8822	4
9122	0
5558	7
3782	0
5142	7
2309	5
2718	0
6592	2
6660	7
7036	1
1874	6
7901	6
8925	1
5598	7
5672	4
1605	0
3695	6
3821	3
5476	7
5101	7
4075	1
1423	7
8938	0
2928	6
903	1
3176	2
6759	1
2563	7
3423	5
7092	1
6234	7
5559	5
6695	0
6069	7
9186	1
7848	4
4639	7
2487	2
4555	6
5771	2
3301	3
7846	0
4894	0
1529	5
6754	1
8663	4
8694	4
7312	1
5503	4
4275	3
9989	1
8669	1
2762	2
8929	2
7075	1
7176	2
4427	6
4655	4
9834	7
88	5
1116	2
9931	1
8199	6
2752	3
9641	7
9357	2
320	0
5444	7
5306	4
7027	4
5103	1
9164	1
413	1
670	5
2347	6
9285	5
4907	4
2315	3
374	0
109	7
4558	3
2840	2
5531	5
6853	3
6481	5
949	4
9387	7
3788	3
9852	7
5426	1
5433	1
3750	7
137	1
2649	6
5398	0
9095	2
9966	1
6965	4
7513	1
8488	1
6953	1
3541	7
8018	0
2725	1
9508	5
9900	1
1177	4
1466	1
2861	2
3142	1
5987	7
2032	3
2300	0
8162	2
1578	5
2572	3
5174	2
7797	1
7904	6
6316	3
5044	5
5592	6
4972	4
9592	5
3492	2
1611	7
5785	0
2205	3
1227	4
5622	2
9253	0
9503	7
7770	6
8050	4
9833	7
46	7
2333	4
7680	7
8177	4
4336	4
6981	1
4313	4
3897	3
131	6
2370	4
8327	6
6955	3
8364	4
4771	2
7273	1
5660	5
6417	7
6726	1
5779	1
2484	4
2080	5
4029	5
8856	2
5196	7
6485	4
1083	7
9830	5
8662	1
9693	3
5245	2
3839	6
4637	3
92	4
8558	2
6869	1
1650	7
2	5
7619	4
5469	0
9342	5
5304	3
6764	7
5378	4
329	0
590	1
7337	7
1164	2
3886	6
9826	3
9744	6
9954	5
9907	3
3002	0
2937	4
4541	7
1679	3
526	6
3039	4
7012	5
3215	5
1444	3
9200	1
339	4
9932	2
6208	1
8807	3
527	1
6721	7
5349	5
3025	3
7427	3
4762	1
888	7
6642	2
1729	1
957	5
2801	7
29	7
3814	5
5157	7
64	4
1552	1
1399	1
6986	2
1320	2
5151	1
7064	5
442	7
8126	2
8636	5
2660	5
5539	7
9919	7
2449	2
8346	6
3461	4
2104	3
7437	6
4964	3
2038	6
4416	4
8061	2
1582	2
9664	1
9854	6
5847	2
7388	3
7375	3
5107	1
7935	2
7433	2
1648	2
3517	1
5290	4
505	7
8829	1
8395	3
8359	0
3651	0
4407	7
5168	0
4342	6
1033	1
7915	6
5566	6
518	7
4042	3
9426	6
3546	6
7709	1
1526	1
2502	5
7398	1
6334	2
106	4
5261	1
1324	1
7512	3
613	5
630	7
313	5
1664	2
8696	5
5279	4
4697	1
4521	1
2663	3
8476	5
138	0
775	7
2603	1
8482	7
6326	2
7898	6
7756	3
7484	2
9304	1
5826	4
3165	2
6344	5
9212	1
9249	5
263	1
1806	5
8284	4
9376	3
4897	7
8716	6
6591	4
2222	6
5363	2
2296	1
697	2
1190	6
6336	2
788	3
7201	2
222	7
4204	1
730	1
4081	1
1645	4
8478	4
3329	7
8846	0
2353	1
152	7
3313	6
4814	5
645	3
291	6
4260	0
6956	3
6729	6
1038	2
5635	2
9922	1
8302	0
4332	4
9026	3
8733	1
9814	0
4034	3
4886	6
2682	4
5863	7
7928	4
2310	6
7826	3
2583	7
6825	5
5738	6
857	1
253	7
1397	5
3312	5
1348	0
6376	6
9374	4
5661	3
5856	5
6547	1
5507	3
4002	5
4578	7
8524	7
5845	4
520	2
8579	3
4573	3
4104	2
7537	7
8771	5
6852	1
9694	2
104	5
1419	4
5421	1
8940	5
3838	3
1107	7
3851	1
5170	5
9697	1
9692	1
7014	3
7795	1
1934	4
2429	4
2573	7
5089	0
2881	1
5113	2
5696	2
3576	5
4526	4
6663	3
7504	1
9248	7
1229	6
143	2
5190	6
1966	5
7421	1
1522	5
7658	1
9920	0
8319	3
2693	5
4943	5
8033	4
8984	1
7662	1
1089	7
308	7
769	1
1047	1
2271	7
6145	6
1844	3
3648	1
3790	4
4454	5
3678	5
8565	7
9459	6
5854	3
2117	4
7400	7
6804	3
7351	6
9526	7
6763	2
2685	0
6795	4
9277	1
2017	0
8214	5
7390	4
9251	5
5416	1
6287	1
8994	5
3183	4
5234	1
6477	0
1881	3
869	3
7480	2
5022	7
6967	2
7962	4
205	4
810	4
317	2
4742	4
1641	1
8210	5
7739	5
6408	1
6769	7
8430	5
8836	2
2275	2
9141	7
625	4
2266	1
939	1
5159	7
6846	0
5087	1
5554	5
1699	6
4231	7
6739	2
2329	7
3705	1
4847	6
6076	1
1950	1
6746	5
9885	3
6688	7
2242	7
5952	1
3826	6
8459	5
7010	3
8853	7
7586	4
1447	7
6306	3
8104	1
7319	0
1272	7
2441	2
411	7
794	7
1778	5
1514	0
3267	6
1714	5
6574	7
7701	5
1634	5
7132	2
1894	1
5545	3
2229	3
96	6
6213	1
21	1
1122	4
4278	3
7	4
1756	7
3181	1
6963	5
2953	4
9069	0
7912	3
2510	1
8713	1
1410	3
4366	1
8743	6
4960	7
1417	1
7325	2
1698	1
2040	1
6401	1
1999	4
9080	2
8358	1
9808	4
9441	3
3725	3
6161	7
4656	7
1880	6
9783	3
5783	2
4905	2
7460	1
9352	1
4043	3
589	1
5996	3
9246	4
3055	3
8823	3
9721	1
7961	4
334	0
6832	1
2278	4
1687	1
3591	4
9064	4
5147	1
5811	2
2912	3
9637	0
8766	1
9266	4
9159	1
3737	1
8831	4
7941	7
6067	1
2694	5
4494	5
5301	0
1109	1
2132	1
5685	4
6896	4
1871	5
8547	2
5100	0
1014	6
1446	1
4214	5
3586	6
8980	0
4211	5
955	5
9047	2
6523	1
7425	1
4222	7
9600	0
4929	0
2509	3
5164	3
1927	5
4131	7
4343	3
6039	5
2467	4
9566	5
193	1
914	3
8864	4
7989	5
6604	5
8141	5
7152	2
4767	4
6130	0
6096	3
2670	4
4220	3
3020	5
8268	1
9866	3
5003	1
2336	5
5961	5
3751	5
5776	3
6300	3
654	7
2677	4
3967	3
6335	4
3774	5
237	7
9738	7
8079	3
3439	4
4939	5
8316	1
3917	2
6562	2
6878	4
9046	4
6220	1
2293	7
8674	3
560	1
5178	1
6327	3
4876	1
6610	1
134	4
326	2
466	0
525	4
1472	1
933	1
7528	5
6497	7
8234	7
5106	5
8936	0
7144	4
6337	5
9569	7
9296	5
736	7
3228	7
1438	5
3079	5
3693	0
3735	1
1283	5
8858	7
3739	1
2244	1
1146	5
6703	5
9855	3
1732	7
1947	4
4685	1
5212	4
7616	0
776	5
7233	5
3655	4
4941	1
179	5
3016	3
9626	3
4233	4
9483	3
2057	4
6936	4
4352	7
7945	0
7109	7
3282	3
2641	5
7522	7
6404	0
3064	3
8985	6
4429	7
4151	2
9877	3
377	0
3447	6
1100	2
4756	0
7335	2
7876	3
5455	0
7862	7
472	7
2884	0
118	4
7803	4
7868	2
1328	6
3231	7
9928	0
7047	7
5657	1
8911	4
3669	1
4196	5
3108	7
6712	3
8904	3
1368	2
3074	4
2450	5
9979	0
7015	4
4046	3
2747	4
6288	4
3964	5
8098	2
7096	6
1836	0
4098	5
6284	1
3784	5
4186	2
3525	4
7285	0
5091	4
3568	0
7185	6
7489	3
7563	4
2600	5
6311	3
7724	5
8320	0
4551	3
2307	4
5324	0
950	7
9423	4
864	3
3867	2
1416	5
5609	1
4978	3
8995	7
7729	3
5871	4
5410	4
5276	7
7267	3
9355	0
3266	3
6238	7
4072	3
3412	5
920	1
124	1
8708	5
4865	4
1767	7
5911	1
3603	5
8653	0
4666	0
1717	0
2707	5
6042	0
8247	5
1315	3
5851	0
6622	3
5577	2
8401	0
7118	1
5225	5
5745	7
9224	2
4115	6
4962	4
8242	5
6118	2
2896	5
3044	4
4777	5
9338	2
7085	0
7972	5
1115	4
3491	2
41	0
2317	1
4279	4
7402	6
8624	4
3520	5
6098	2
2691	6
6966	3
475	7
2190	7
1275	5
5028	3
7288	5
6684	4
2496	0
5585	5
1075	1
8702	5
9760	7
7584	3
494	3
8939	3
9001	5
9280	7
9514	3
7258	0
8657	7
2209	3
8553	3
3880	6
1649	7
4328	7
7461	1
9531	7
3573	3
2387	1
5472	5
9711	5
7825	5
5720	7
3965	6
7993	7
5884	7
5562	3
9886	1
6117	0
6753	4
9187	3
8378	3
9805	4
289	7
5623	4
5666	4
8371	0
6006	7
9742	5
5506	4
5679	7
7360	4
3293	4
7843	0
1208	4
8719	3
642	0
5019	0
8658	5
1681	2
8778	2
3891	3
6513	2
6538	4
5941	0
8252	7
7575	0
4351	4
1758	1
2258	5
6488	3
4648	7
807	1
7416	5
4021	1
8905	3
3905	0
1150	4
2444	7
1066	4
4859	4
7276	3
9000	2
1802	4
6293	7
3356	3
6801	6
1362	4
192	5
6611	7
8878	2
1690	5
2498	5
9291	7
1241	3
7994	0
1114	2
2619	0
5012	1
3635	0
3118	5
5030	5
7158	1
428	5
6167	6
7771	5
351	2
2000	3
7408	4
2926	3
180	4
3406	4
9201	5
2363	3
8876	4
3145	5
766	3
1384	7
4308	1
5369	6
1216	6
9952	3
8926	4
368	3
4975	7
6767	5
8868	7
4491	5
9782	5
1151	2
3268	4
336	5
5332	4
8137	1
1892	6
4463	4
6367	3
1795	1
3188	5
2505	5
1676	5
7790	0
8714	7
852	6
6512	5
7655	2
8691	2
7279	7
2227	0
7357	4
6826	4
5565	4
6126	0
9730	4
8695	5
2643	2
4216	0
4153	2
3983	2
3048	3
8811	5
8668	0
8473	6
5171	7
6920	5
8776	4
1390	0
1647	3
4844	7
2135	7
4553	3
3	5
6294	2
3931	4
5999	1
2412	0
2077	6
3772	7
2726	3
5788	2
6177	3
656	4
3352	2
4837	4
4019	5
58	1
3497	4
4161	5
6451	0
490	7
9074	7
972	3
4510	1
6734	5
3587	0
9824	5
1990	0
9318	5
7455	1
8119	1
9284	1
7767	4
8089	3
4473	3
8131	1
2782	4
1274	7
6153	3
2592	5
713	3
5397	4
9959	6
9358	0
7471	2
1141	5
9287	4
6505	3
122	5
5602	2
2753	7
6227	4
2508	2
19	2
2668	0
9737	0
7947	3
1156	5
1359	3
7635	0
9835	6
6535	4
2856	4
6012	4
596	2
1009	5
6045	4
2935	7
6066	1
1478	3
4319	6
8225	3
2067	0
9878	4
1761	4
9755	2
1123	4
4027	3
2147	1
6929	5
3271	0
8060	6
3082	5
6398	2
9263	2
3641	5
8806	5
7196	6
8080	1
6921	0
467	3
2976	7
1187	3
2499	7
5676	2
9720	0
2593	3
831	6
4005	5
4516	0
1764	6
1623	5
3017	1
1811	5
6817	5
5318	5
221	5
6090	5
6198	7
3344	3
2716	7
4350	2
8005	7
6888	1
7629	6
771	5
881	4
1746	4
2720	7
4436	6
9540	1
4210	5
5072	4
4050	2
2809	3
9076	1
6857	5
4678	4
3279	3
1508	6
9604	1
5341	0
8072	2
1907	7
8277	0
677	3
5321	2
2093	5
2608	1
3146	7
7931	4
4431	3
4642	1
6089	7
2324	7
2181	6
4699	3
8943	0
8576	4
9495	6
2263	4
5875	0
1569	1
9665	1
2374	7
1160	4
8138	4
2531	5
1588	4
1882	7
9580	6
582	6
4478	2
6893	0
2131	4
6737	0
2254	2
2365	4
951	4
1524	7
391	0
6844	5
5624	1
6114	0
669	3
1311	0
5265	3
3257	6
7956	7
3716	5
749	7
5230	4
2833	2
6139	6
1637	4
7502	7
9254	5
208	4
2219	3
5161	4
8810	3
8609	3
6134	2
6570	5
2082	7
6396	4
8361	6
9175	3
5417	4
8040	7
6371	3
1666	0
2645	3
7873	7
8908	2
7313	4
5917	1
3926	4
8538	5
9333	4
3330	3
9708	0
8830	3
6427	3
3390	4
5731	7
9372	6
9220	0
369	6
6185	3
6960	3
9513	2
3138	0
8270	5
2126	7
6793	7
7384	4
4009	6
5723	6
5497	6
8928	3
6321	6
2816	6
8345	0
5926	0
1343	6
1138	3
8412	7
7734	6
1906	0
9469	0
2476	3
9889	6
2361	0
5784	0
2218	5
5569	7
3887	2
9276	3
3180	4
4750	5
858	4
9690	0
3536	5
4567	3
6246	3
8685	3
3969	5
8683	5
7457	7
394	4
5175	3
615	5
747	5
2796	2
6043	1
7397	4
2819	6
5742	7
1382	4
780	5
9206	7
719	1
2332	4
6790	3
6773	4
9071	2
4899	6
4540	0
236	1
568	2
8818	4
1536	6
6495	4
5129	2
2488	5
7667	0
4134	5
4450	2
8172	0
7306	1
4010	2
484	4
8218	6
7944	0
3762	5
3455	6
4776	5
4968	4
1770	6
5877	3
5749	3
1411	6
4475	4
3348	5
1670	2
7241	6
161	6
4980	7
1312	6
3310	6
1905	5
9594	0
1409	1
3610	7
9067	6
7798	0
6439	4
6776	5
7847	5
6802	3
5963	2
1228	0
522	6
4809	0
1924	3
1978	6
9030	7
4556	3
5690	4
9635	3
5587	5
497	3
6830	4
1789	0
4501	3
3366	1
1879	3
5938	0
9468	0
7417	7
2201	1
480	5
3304	3
4840	2
6143	4
9436	0
9219	5
2153	2
6391	0
7779	4
2451	3
6687	5
9857	3
1493	2
3899	6
8900	7
1861	3
9762	7
1709	6
1370	3
7161	0
4256	1
8498	2
1958	2
2681	3
7264	5
3127	3
7637	5
1395	7
8181	7
3733	4
1486	7
9258	7
2934	3
5839	7
8279	4
5069	4
8186	3
3185	0
9552	7
81	0
3288	2
559	2
9241	2
9335	3
6532	6
6903	2
4180	1
2973	7
5872	7
4125	0
5549	2
5016	2
4881	2
6124	3
551	3
8440	2
1702	7
7663	6
5108	5
2617	2
3241	4
3326	7
6377	2
5782	1
254	3
2179	2
2843	4
7664	3
8053	2
9651	5
3949	0
7805	1
5962	7
7349	4
3121	6
8125	0
9619	4
6749	3
6747	6
9941	0
4958	3
9345	4
5036	5
725	3
6231	0
7572	2
5658	5
563	5
8333	5
4193	7
169	2
4168	5
5933	4
2152	3
927	0
5384	5
1336	6
2969	2
4227	2
1855	7
1834	2
9946	2
1707	7
6534	3
2106	5
6636	6
3889	3
8785	6
2585	3
1239	0
7294	4
4259	7
8381	2
9309	2
4692	0
9448	3
7102	7
7694	4
8484	2
5179	0
7117	2
7759	5
4126	0
6194	2
7244	6
5146	6
2957	0
5415	3
9178	3
7900	6
7100	5
9062	4
4854	2
2311	4
1865	6
4576	0
3274	7
2035	7
3861	2
5668	0
6119	6
969	2
9320	2
2220	0
3968	7
112	7
1134	3
3011	7
7507	6
101	2
9577	4
7492	0
6163	7
7385	0
1890	7
9785	7
9598	7
7044	7
1465	0
5956	6
4458	1
502	3
6884	2
2729	4
1345	1
7195	3
2774	4
2948	6
3483	3
3401	4
6553	7
1214	5
6901	7
2480	7
4870	1
7923	1
3097	4
7488	5
4954	5
8437	2
8826	5
1090	2
4201	3
6541	7
3122	2
4365	3
8983	0
1888	4
7166	1
149	2
2095	2
937	3
6993	4
7802	4
1658	4
5339	6
7339	2
8918	1
1137	1
9124	7
3308	3
6313	2
4267	2
7458	3
311	4
7899	0
7591	7
7892	3
5528	5
6516	4
9234	4
3940	2
9867	5
5064	0
8910	0
1007	3
8599	1
3372	7
8105	5
1358	3
7806	3
6579	0
1711	5
4105	1
2003	6
80	5
2015	6
6609	2
5866	2
9139	5
5525	4
8390	1
8420	0
1120	2
1369	2
3400	1
8418	6
4836	1
5827	5
7054	7
8442	5
7113	5
2680	0
4171	3
4903	0
4577	7
6755	4
2946	5
6179	0
7943	5
5323	1
9806	7
528	5
8101	4
9719	1
4885	7
3877	7
4408	6
4988	7
4363	6
8117	0
6423	2
9238	7
379	6
6058	7
6563	5
7933	7
701	5
130	4
3102	2
5310	7
7110	1
1106	3
478	5
3468	6
7967	7
7541	1
6859	7
6366	6
6236	1
3606	5
6225	1
9628	1
7391	5
8930	5
9534	1
6380	3
7677	0
3315	6
342	1
558	0
9177	3
7850	3
9191	7
3858	0
9283	1
6608	2
9766	5
8427	5
4856	3
5670	4
3441	1
6297	3
7508	5
4232	7
2154	0
3663	3
8409	6
2375	0
2291	7
8384	1
5682	6
8099	7
9896	4
8261	6
5979	2
3031	4
3489	6
9570	0
4851	1
4832	5
4676	3
1458	4
6510	1
1068	4
511	4
7093	7
1457	7
8373	1
2188	6
1093	3
8916	1
1065	2
7300	3
4938	7
2894	4
8032	6
8665	1
5483	7
4863	4
7242	5
258	7
2940	2
4255	2
5929	3
147	1
5442	4
7209	7
3196	7
1752	5
4807	1
924	3
3552	6
9754	7
4413	5
7690	2
534	6
2314	7
4607	3
1884	6
8311	4
1646	3
2838	3
5283	1
2802	4
7515	2
9378	4
9998	2
5255	3
4068	2
3978	7
5065	3
4446	0
474	2
8813	3
980	0
212	7
7838	1
5388	3
282	1
459	3
468	4
2404	6
2129	5
8799	5
9302	1
3409	7
2409	2
365	0
3617	0
7200	3
9470	7
5372	7
299	1
995	0
4455	7
2410	5
5183	2
3759	7
6113	4
5034	1
7171	6
3099	5
2952	4
6623	0
111	6
8526	5
9194	6
8307	0
4001	0
3387	1
1929	7
7411	6
9504	1
9542	7
4059	5
6548	0
4353	4
7182	5
6474	6
3436	7
8508	3
8428	5
151	1
1269	6
2259	3
3158	5
9709	3
3802	1
3163	4
9836	2
4036	0
2424	5
916	7
2846	7
6172	1
5726	0
8852	7
1408	5
3950	1
1247	7
1124	1
5538	7
9101	0
3505	5
8894	7
7920	3
962	6
9756	5
8241	6
3900	7
2909	7
801	7
9407	7
1570	4
3134	1
2922	0
7858	5
3298	2
6605	1
2620	1
2076	6
4264	5
5402	7
1289	5
9290	6
4761	2
1474	1
4285	5
4037	6
5181	6
331	2
7552	5
452	3
9505	3
8906	0
8019	7
1949	7
4618	7
6141	7
1753	7
4497	6
3615	7
4934	6
3758	6
2334	4
3106	5
5119	6
1537	3
3249	4
3186	3
5536	0
9803	0
9375	6
7611	3
4944	3
1629	0
4820	6
5898	5
1067	2
7622	1
3203	1
4113	2
5314	7
5329	0
7154	2
9390	5
9544	5
5655	0
8457	5
4714	1
9481	0
4358	7
1719	1
1663	5
700	6
4380	0
5057	6
5403	5
5766	7
3085	6
8451	5
4937	0
8351	3
48	3
7859	6
1154	2
6002	5
6323	4
6244	5
2764	1
8601	5
8278	0
3411	6
9679	0
7474	4
2463	5
1974	0
5228	4
947	6
7786	2
9477	3
3152	2
6620	1
1957	6
4490	1
2506	0
6715	4
8871	1
297	3
3578	0
7399	4
6120	1
5804	5
6654	6
1654	4
4511	2
5352	6
7621	2
3148	7
9037	6
3696	7
4309	2
2951	3
6254	6
3490	4
2599	5
3800	4
8554	3
7206	0
5808	0
7362	3
2610	1
1296	1
7568	0
6169	1
6899	0
9625	3
9681	7
2646	0
8895	5
9171	0
4892	5
5700	3
6158	5
3009	5
4335	5
9471	0
3076	3
6549	7
515	5
2633	4
8842	1
3852	5
1142	7
1491	0
3804	5
9395	3
5074	1
8593	7
5651	5
2848	0
469	3
117	7
3928	7
4347	6
2613	3
6290	5
8448	0
338	7
8770	4
6061	7
251	7
7538	3
1733	0
4141	5
7167	5
6632	3
7163	2
1242	1
5728	3
6590	7
3907	5
7990	7
8922	6
8308	3
5814	4
7086	7
2051	6
8350	3
3832	7
8917	1
2971	3
778	1
8502	6
7561	6
4085	0
2674	4
966	2
8578	5
8347	7
8132	0
5173	0
5110	3
9151	3
8840	3
4935	2
6436	1
8845	0
8146	3
3092	0
8947	4
8633	7
6460	3
7032	5
4283	5
5035	5
9006	7
3776	0
8755	4
3210	7
3195	2
4709	6
4680	0
6606	4
261	3
3902	0
9412	6
8197	2
7204	1
6887	2
8006	2
7373	5
1215	6
2706	7
9168	4
8330	6
9838	5
2709	1
6248	0
3837	1
1454	6
9137	4
2629	3
439	5
330	5
2978	7
3157	0
6428	0
2113	0
1435	0
9421	5
7887	4
6778	7
3379	3
5244	1
9968	4
7198	1
9126	6
7698	5
9870	6
1026	0
1475	4
8056	6
4687	0
899	7
7706	1
6568	3
7024	0
7316	4
820	1
896	5
479	4
1566	6
4757	2
3579	0
8477	4
2539	3
793	7
4265	7
255	2
5822	4
5717	7
704	7
6433	1
3135	4
1337	3
3957	3
4947	4
4245	5
6714	2
2281	4
2547	7
9060	5
8130	4
3761	4
5533	4
4796	0
5535	6
1564	2
8640	7
4509	3
2867	2
7559	3
5568	7
4628	3
2632	3
1573	3
6358	4
5659	7
543	4
8379	1
7493	5
8415	4
5154	4
1734	4
7327	4
4488	0
4846	4
634	7
8027	0
2251	4
8087	4
2085	1
2108	4
3435	3
6730	0
2159	5
1739	4
3850	7
4484	7
7368	2
1210	2
3161	5
3681	6
9607	2
7350	0
7326	6
6196	4
874	6
7070	6
3540	7
9622	2
8645	7
3289	7
4504	1
5775	3
9445	3
1363	6
9478	7
6062	5
4791	6
4	3
5220	7
8254	0
6374	1
6164	6
9269	4
8664	0
7837	7
1256	6
1339	6
5862	4
2356	0
9813	7
8794	3
5606	7
941	7
148	6
4732	4
6997	3
7301	6
7003	5
6369	7
5627	3
7056	7
3013	1
9218	6
4707	0
6131	7
4594	7
9572	6
3467	0
5271	7
3947	2
72	4
5337	2
5815	6
3237	2
300	4
1967	4
7218	6
3481	1
1808	7
5143	2
4650	5
1028	2
2248	0
1298	4
1877	4
3792	7
3813	0
4779	7
107	7
1723	0
1392	3
2864	4
4564	2
4557	4
1669	6
9059	7
6276	0
6742	2
9938	3
6424	4
3929	0
8386	7
7106	7
3070	4
2448	1
5156	1
2551	1
2883	1
3306	4
8317	4
4219	2
2614	7
3496	4
970	7
6031	6
3242	3
6249	6
1828	7
2980	3
9873	1
2196	5
9403	2
7683	0
9214	3
3296	7
8954	7
4770	1
5396	4
6849	7
5855	0
7107	2
163	5
1258	5
4701	6
4608	0
9880	7
2710	4
1804	6
735	6
8520	6
2712	4
8703	5
232	4
6978	6
3918	5
4178	0
1533	6
6807	5
4338	4
6789	6
8041	4
5139	5
7415	6
997	6
684	6
3998	7
9040	6
5241	1
8550	5
1153	1
9267	0
6458	0
3982	4
5544	0
4815	2
8269	5
9515	7
8827	0
4282	1
2272	5
3220	0
6808	1
3297	3
5014	0
2061	0
9063	3
2199	5
7851	3
6828	3
5122	5
8088	0
6034	1
1832	3
5395	5
4965	3
7379	4
9757	1
1304	6
3680	4
1821	3
7432	2
9844	7
4170	6
2783	3
6005	3
8875	2
3331	0
3502	1
5266	3
3205	5
4109	2
9550	6
5366	4
6286	6
2972	1
5959	7
685	0
5860	2
4778	0
7765	1
7473	1
5647	0
4721	2
4745	1
660	1
3008	5
6097	3
9903	0
7260	3
9951	0
3664	0
2090	1
3688	4
5874	4
9978	0
8213	0
2689	3
7656	0
8102	6
1722	1
5081	0
1545	5
8368	1
7295	2
2295	3
9185	4
8667	3
8600	7
686	3
8293	3
9727	7
5573	2
5345	0
3051	0
2644	0
185	1
6017	5
752	6
4789	5
437	3
6239	6
353	0
6123	5
5754	5
873	4
9646	0
6843	4
791	5
1086	1
5564	3
307	4
355	0
687	5
3946	0
7344	4
3765	0
8872	2
5391	0
1724	5
2472	4
7409	3
2163	4
3842	5
934	0
1946	2
2701	7
1704	4
9329	4
7896	6
7377	6
9099	5
9123	4
9533	4
2787	6
8838	3
3053	0
9072	5
7780	4
2557	7
9731	4
9875	5
4913	0
6204	5
1129	0
3414	2
2072	4
6140	0
1357	3
2030	1
1671	5
9858	6
9268	0
6080	2
7394	2
3755	1
9053	6
8958	0
1692	4
2550	4
5307	6
2792	4
7657	6
4340	5
6330	0
8588	7
4091	0
3081	4
6787	1
7953	1
4822	3
8310	2
2012	6
7162	4
7775	5
840	4
3425	0
7483	3
6780	6
5419	5
5246	5
9343	3
4507	3
1773	0
3417	3
4301	7
595	1
7129	5
3775	4
6848	4
9728	6
5870	4
2036	5
804	0
6190	6
9023	3
8617	7
5394	2
4093	1
2862	5
8580	5
6054	4
3023	0
2549	0
8867	4
532	5
1235	0
5430	1
1091	5
4660	2
4314	1
6365	4
4672	5
9085	1
8015	5
1225	4
3996	4
2983	5
2098	6
5582	6
9496	5
6633	5
9752	5
1453	0
569	7
8124	3
2143	2
6757	2
4121	6
5526	6
5053	1
9133	4
2211	2
5390	0
214	5
1169	0
4291	6
7304	2
2732	0
6318	0
7263	1
9778	1
2518	0
8118	5
489	4
1456	7
4930	5
8275	0
2202	0
6149	5
6583	5
3640	3
2765	7
7259	0
4364	4
1019	0
3726	3
2249	2
8748	4
1870	5
519	0
3801	2
7830	0
1157	0
3407	3
2775	5
252	6
2461	5
1609	6
8860	4
6144	6
6261	4
9130	5
2175	1
5450	5
223	0
921	0
5427	0
2382	3
9512	1
8223	1
3498	5
3793	2
9149	5
7270	0
5511	4
4570	6
153	3
6364	4
7809	1
6266	2
8571	5
9786	6
9988	4
3975	1
6078	5
5972	7
1198	4
9633	4
8139	7
6093	1
1574	2
473	0
5145	1
7733	2
968	1
2213	1
720	7
4237	0
6265	1
8678	0
8749	7
3766	5
2144	5
606	1
8369	4
3506	0
4804	4
6595	3
3811	4
2596	5
6866	7
6700	5
3684	7
7130	1
7831	5
2023	4
683	0
6394	1
7893	1
2851	3
3728	5
2831	1
3421	7
8942	3
5166	5
1807	4
6252	2
4880	2
2471	4
5093	5
8820	1
7529	0
702	7
1252	1
7678	7
5909	1
2019	2
5153	5
9119	4
7041	5
9405	2
2719	3
8729	1
2852	7
196	2
4621	6
8774	1
2654	1
1350	1
9608	7
5529	7
9327	7
7555	3
2879	0
4753	4
871	0
9323	4
1755	7
8700	3
350	1
3794	4
1887	1
8435	1
2521	2
9105	7
4311	4
6110	7
246	3
9683	4
5344	0
8222	0
1712	4
4243	0
8769	2
1286	4
5201	3
7723	6
3351	4
4409	4
7025	7
500	5
902	1
1159	0
2728	0
1439	5
4842	1
9967	0
4539	1
6530	6
5527	1
6722	1
3383	5
7913	5
38	7
2918	3
4793	6
361	4
3453	4
5262	4
1393	4
2570	2
8495	3
4827	0
8332	3
1675	7
4376	5
8404	0
4636	4
6639	5
6180	1
55	0
6892	3
4806	5
8798	2
5734	2
3556	0
5475	7
9912	4
6281	0
690	5
238	1
4089	4
1829	7
8196	3
6979	0
7183	2
4238	1
3958	1
1741	5
9702	0
3514	3
8363	7
5940	4
4114	4
7297	7
8296	1
4339	2
1995	2
958	4
8671	7
3094	0
9749	5
1803	5
3932	3
7363	7
1354	7
8246	1
5858	1
8783	2
806	5
4520	3
3864	1
7560	0
2360	0
1586	6
8075	4
4424	0
503	7
6898	1
8326	5
3524	2
4064	5
4741	3
5116	4
8479	5
5580	1
3708	2
6229	5
1125	5
4790	7
2755	0
8169	6
3086	3
6994	3
7924	2
9724	3
9559	1
2700	1
337	4
9150	1
979	5
9353	3
2736	1
1534	0
658	1
127	3
9524	1
3991	3
561	7
4274	1
7303	1
9397	4
450	4
4786	0
7703	4
3959	1
1044	4
3954	7
9794	5
1183	3
8862	1
5636	0
1652	0
393	0
2228	7
6526	7
8287	5
8513	1
228	7
6872	4
7108	0
2721	0
6589	7
4397	2
2743	3
1162	0
4502	1
541	1
3278	0
4868	5
8965	3
6507	7
3477	0
1405	0
2008	3
4986	1
8887	7
2028	5
6527	2
8238	5
2936	2
4321	4
9732	7
8173	5
3193	4
8344	4
8161	3
8575	1
8012	2
2157	3
1705	1
6387	3
4442	7
9082	7
7726	0
6871	7
8817	2
1791	5
9038	2
9180	4
9368	1
1027	1
4056	3
576	1
6645	1
5701	3
4213	7
2481	2
607	0
2500	3
6855	7
3317	1
1351	2
7372	0
9055	2
7682	1
8397	4
7410	2
8610	3
1989	5
6035	1
983	0
3144	4
3643	0
7917	3
2046	1
6861	6
750	5
4773	1
6719	3
5718	3
8604	2
159	7
269	3
8737	4
5048	1
567	2
2047	7
591	6
2806	0
8933	3
5736	7
7080	6
5458	2
4000	0
9807	6
8566	7
3328	4
2863	0
5596	2
2798	1
3744	5
8679	3
4966	7
2601	1
4297	2
6285	5
1306	1
5202	5
8896	1
4973	3
5098	5
7916	7
6705	1
571	0
8514	2
2910	0
24	1
8419	2
925	3
7827	5
4280	0
4341	2
1212	7
4653	0
8366	6
9984	2
1427	2
4346	7
9974	6
363	3
7235	6
4444	4
805	1
692	5
3334	1
4223	0
492	5
4176	5
5498	5
6524	0
1765	0
2939	4
9960	7
734	7
7897	1
4917	1
7058	2
3501	5
7322	3
2408	6
6215	1
4053	5
5050	6
404	5
7269	0
3445	7
8792	1
2120	1
798	5
9863	1
4197	6
833	1
913	4
3622	3
7714	5
3056	3
8370	7
1379	1
9500	1
8557	4
2904	3
4047	3
9850	2
8777	5
8877	3
4627	6
3834	2
906	5
9953	7
6667	0
6681	3
5993	0
8837	5
1469	6
3756	2
3632	1
8255	7
1195	4
6619	3
4503	1
471	0
2182	7
321	1
1477	3
742	5
182	3
1233	7
6745	6
5780	1
7975	4
664	0
1997	5
2306	6
5083	7
6362	6
9322	2
5998	2
6048	2
6429	5
9915	3
978	2
260	5
2247	4
3136	2
3764	5
1912	0
8107	1
1394	3
9093	3
756	1
823	5
1598	7
9479	0
9701	5
8417	3
751	7
3569	6
9780	5
8157	5
77	0
3212	3
5968	0
666	5
9859	7
8982	1
1538	3
3722	3
8944	5
4486	1
3881	1
6537	3
1784	7
204	6
9802	6
3028	7
2006	7
244	2
768	6
6560	1
2168	6
7059	6
6651	7
7150	3
7197	2
7310	2
9840	6
3859	6
3614	7
5829	4
3117	7
5543	2
9629	7
4078	3
9190	4
2525	2
1520	0
1867	4
2130	7
4952	3
6566	4
5570	5
4869	7
7894	5
7547	5
4795	5
6762	0
9747	1
1072	3
5610	4
5523	2
5347	7
8003	7
1771	2
3457	1
296	7
1024	4
4499	7
4236	5
5816	1
1961	1
6890	0
9913	7
1031	6
8781	5
8919	2
3107	2
2905	2
926	3
7222	7
6105	7
8710	6
7628	3
2337	0
6312	5
7518	4
7620	3
3100	3
2436	2
8129	5
2520	2
7991	7
431	2
7598	1
6673	6
698	3
2423	4
4610	4
7192	5
344	3
6951	4
3616	1
6218	7
6666	5
4118	2
2340	0
7914	7
4641	0
9527	0
5894	0
998	3
2323	7
6503	7
2808	5
6188	2
4272	3
3207	4
7761	7
3128	7
4360	5
6150	5
9207	5
1532	4
8688	7
2828	3
1295	3
155	3
5684	1
6886	3
1128	1
5974	1
4527	3
7869	0
6463	3
7562	6
3416	5
3255	3
1489	1
5675	7
7921	0
2666	1
9018	2
2731	7
3741	7
6683	2
5449	7
7356	5
8480	1
3459	0
1825	7
8763	2
6685	2
1245	4
2101	0
5584	0
1735	2
10	6
533	2
197	1
5820	7
1839	0
2386	6
3129	7
105	5
3470	3
6278	2
231	7
1025	7
5406	5
1624	0
6085	2
310	4
5045	2
8681	1
7497	2
164	6
5551	4
8167	1
9779	7
4418	2
7224	7
8728	7
1960	7
834	0
8684	1
2200	2
8383	0
8824	4
4866	3
4752	2
2490	1
200	0
5237	5
6865	1
2588	5
278	0
9763	0
2786	0
5995	0
9237	1
9430	4
2559	5
1668	5
1432	3
4286	1
194	1
3936	3
2841	1
8834	6
2018	7
9698	1
3292	7
7918	0
6725	7
4310	3
1911	1
4067	7
9382	1
553	0
6499	5
6375	6
5275	6
5750	7
5059	3
3923	1
8148	6
5879	5
8309	0
7089	4
3126	2
3014	7
542	1
1057	1
6135	7
1700	2
5930	0
1253	5
49	6
9176	7
1747	7
8463	3
4145	0
9077	6
4995	5
3654	5
3538	7
5291	0
7220	7
1010	5
4524	6
7799	7
9145	0
5542	1
3963	3
5192	7
4426	2
7653	2
3990	7
3623	3
9045	2
9398	4
3059	7
6690	0
3362	7
1591	3
5648	3
1355	0
6774	0
1979	4
5461	1
7159	2
4258	5
4391	1
8614	3
9264	7
7217	4
5702	5
4028	1
5204	1
5828	3
8586	7
7849	2
6007	7
2977	7
9365	1
1612	0
4088	3
9094	6
2517	5
2991	2
7939	7
3115	0
1178	2
763	7
8036	5
5777	4
967	3
1237	0
6209	3
724	2
6319	4
8711	0
3460	0
3151	1
9462	5
5027	5
7475	1
6299	5
6952	2
375	5
7881	2
4883	5
8855	3
8627	6
988	1
2992	1
8821	6
2180	5
3169	5
6216	5
6363	0
7180	3
6347	4
5320	0
5534	2
8893	4
8443	1
5441	6
3646	4
5907	5
6923	7
2673	0
5614	3
491	4
4722	5
8509	4
2431	3
1105	1
6662	5
6388	7
8081	0
9560	5
3320	7
8515	1
2049	2
2986	7
2371	3
8236	0
4188	3
2605	0
3226	3
2011	2
5465	3
5269	1
3458	4
6943	1
2377	1
9659	7
675	0
8470	1
4748	3
592	5
6834	5
4057	1
8812	0
1327	5
9943	6
9107	7
2112	3
1429	5
9360	3
9972	5
5880	6
6405	0
9819	2
4305	5
7405	4
1113	3
2512	3
9980	3
436	1
7179	4
25	1
5124	6
5317	3
9138	7
7871	1
4022	7
2066	5
5411	7
3987	5
7548	0
3036	6
6170	1
4404	1
1750	2
6836	1
5447	5
2246	1
4794	0
144	7
760	0
3486	2
9924	5
4354	4
2507	0
9672	6
7143	7
3925	5
6617	5
867	1
2534	3
6990	7
9173	1
8641	7
7852	0
8531	0
9564	0
1540	1
1260	5
715	1
5626	0
4110	0
7587	0
2326	3
396	3
5673	3
9761	3
9519	0
9281	0
6508	3
8100	3
3484	3
1052	3
7903	5
5638	0
4647	0
5522	5
5090	3
3294	0
7500	0
9308	1
7853	3
8843	0
6445	7
1341	5
4090	3
1678	0
4787	1
5530	1
8545	1
8291	0
1400	3
3168	0
9367	1
5111	4
6331	1
8179	7
1604	1
907	3
5162	4
4184	4
4710	6
8732	5
667	0
1944	0
4606	3
1434	5
3547	5
7776	4
4139	5
9576	1
2466	6
6382	3
1158	6
142	5
2945	2
3380	6
9940	0
5325	3
963	5
7381	6
6191	6
1378	1
2303	5
4902	6
952	5
3450	3
6111	2
9832	3
7976	1
3595	2
4127	2
5125	0
1103	3
8174	1
5379	4
4512	5
226	4
5217	5
4062	1
3000	1
827	1
7135	0
3845	5
9644	1
2625	3
5611	1
6355	7
3222	3
1640	5
4004	4
2369	3
3374	4
9926	6
7634	5
7855	7
8873	6
15	7
1831	1
7495	3
3835	0
1422	7
5140	5
9480	5
514	2
944	4
7516	7
9458	5
9008	2
1975	2
1824	6
2612	5
3452	4
7226	2
4100	7
4542	2
5681	4
886	6
706	1
2415	2
1627	5
2859	2
3376	2
4123	4
7248	6
7952	3
2664	6
2206	1
8093	1
5386	3
50	4
4525	4
5198	6
6631	1
2191	1
9774	7
1421	7
8897	1
9868	3
6689	5
2503	4
7539	5
3920	7
8490	2
1560	5
9286	7
4663	3
7532	4
6324	5
3602	5
2594	2
7111	5
6082	1
5017	5
7355	5
3072	6
829	6
8	6
7654	1
8044	3
7720	5
5068	5
1956	5
1006	5
5389	5
3473	5
9255	5
5616	6
1893	5
9402	5
4811	5
841	5
5737	6
3504	6
3561	1
9028	6
991	5
1213	6
3611	7
989	3
5169	3
8290	2
9649	3
9861	2
4901	7
191	6
2639	5
8086	0
1270	6
3358	1
8951	1
52	1
5778	5
7268	3
4664	5
4480	1
6258	0
9648	5
1094	3
9165	0
3550	0
8094	5
3687	6
6735	5
6467	5
8692	5
6437	3
2223	5
9472	7
8956	2
5802	5
8977	5
3825	5
133	7
1383	5
5005	0
4061	6
7599	5
1513	1
8244	5
7428	6
150	5
8874	0
4152	2
9350	5
4751	5
6484	5
1347	3
578	3
4012	3
5239	5
4535	2
1731	0
7149	0
5857	4
1703	7
3721	4
9501	6
5914	6
8219	1
4830	6
7137	2
2891	6
6104	0
1257	6
6077	2
7338	1
7324	3
6796	6
4548	1
4451	0
5383	6
9033	1
7369	4
2335	7
1000	1
128	6
1305	4
8145	6
7842	6
1036	3
8628	0
4921	7
6466	1
2262	6
8216	4
9431	3
3499	6
481	0
1244	6
2965	6
6915	4
3430	1
4483	6
1053	0
3474	7
2882	0
3058	6
1597	6
7777	6
9992	6
3529	6
1718	6
7580	1
2063	0
2778	6
1203	5
6635	5
1498	5
4686	7
7170	1
4469	4
8750	7
3285	2
385	7
1621	2
9942	3
2630	7
8253	6
4925	1
7646	7
5464	3
3748	1
8646	1
6044	7
9567	3
4945	4
7788	7
4708	2
2284	0
2640	5
8680	5
7717	5
8632	5
6502	7
6350	5
577	3
9898	2
8299	4
4999	4
27	7
7188	5
8434	7
8120	1
1793	0
6430	6
7184	7
6030	0
1180	0
7730	7
2253	7
3336	7
7164	7
3370	6
3381	0
1790	5
2963	6
5342	3
4587	7
3302	7
7764	6
3321	4
4933	5
123	1
5618	1
8758	0
3408	2
4544	2
7052	5
1056	6
8686	1
6974	1
6301	3
3109	3
6263	0
6985	1
2807	2
3397	5
1952	1
4189	0
9273	7
3637	5
5695	7
1149	5
9288	5
5957	0
4632	0
6414	7
1801	3
7781	7
4428	1
4143	4
8433	3
5908	7
8054	3
2637	0
1051	4
4040	6
655	6
8071	0
2351	1
4015	7
3073	0
8622	7
3754	1
5254	5
5990	4
7793	1
3870	4
9174	7
5556	4
5440	0
1011	2
5601	0
9510	1
6498	5
1436	7
5041	1
3658	5
7419	5
3738	2
5895	3
6962	3
9520	2
2727	6
506	5
6933	0
4867	5
427	0
5900	4
3480	3
2865	6
8399	7
3355	3
7867	5
3919	3
759	4
5801	5
524	3
7122	6
2237	0
3284	4
7029	6
4720	7
9184	7
2988	7
9196	5
6528	7
9669	5
1201	6
2316	5
7007	4
79	2
8879	3
8907	2
5796	7
9125	5
8530	0
5092	3
3487	6
5338	2
586	4
7440	0
3018	0
3137	6
7291	5
1266	1
1787	3
5633	4
8008	6
2469	7
705	4
809	0
4563	5
5238	6
2523	7
7741	3
6074	3
4926	3
4843	1
6515	0
8037	1
513	0
4857	0
3866	5
5128	5
4977	7
28	7
7888	1
2269	6
5773	0
1189	3
5120	7
2943	6
5351	7
3769	4
2452	0
132	1
9846	3
9104	5
746	7
7824	0
14	7
290	7
8946	7
285	5
171	4
5079	0
3046	0
4534	6
8851	1
5374	5
6680	5
6230	4
352	7
9725	0
9975	0
6004	1
2581	0
7864	5
2357	0
4217	5
1121	0
5867	5
639	7
4727	0
9453	6
2339	5
1020	7
6824	7
249	2
707	1
1810	4
424	3
7101	5
5634	4
7510	3
1613	1
3254	6
9305	6
7151	5
6655	6
4845	7
2947	0
1059	3
7954	0
709	7
4919	0
9516	2
341	3
2393	1
2354	5
3888	4
5319	7
3542	1
1087	5
7951	0
3554	0
8067	5
7470	5
4893	5
7434	5
2433	1
464	3
7141	3
7669	4
6567	0
8009	0
9245	5
3238	7
5861	5
30	2
845	5
5575	7
4774	1
9865	5
2960	2
6353	4
449	5
7840	5
3030	6
4630	4
2301	5
1136	6
5467	2
2043	4
1516	3
9222	4
4159	7
6765	2
5334	7
1236	2
6471	2
358	2
1267	5
2457	0
412	6
1517	4
230	2
1763	4
8870	7
9340	2
5240	4
7716	2
2297	4
7866	5
1259	0
8913	2
5769	1
1442	5
1563	4
3979	3
7607	1
3884	1
6810	7
126	4
9684	0
3463	0
1139	5
4514	1
276	1
2338	2
8615	2
6280	4
7386	2
264	2
3672	1
2869	4
5781	5
9057	5
5513	4
495	1
9109	3
1277	0
5792	1
1954	5
959	0
3324	4
9384	1
3512	6
4387	7
5346	1
9399	7
9155	1
4433	3
1955	2
8281	7
608	5
3273	7
4898	5
3508	5
7996	7
2548	1
6740	0
378	7
6743	6
1528	3
218	7
3434	1
4580	4
9790	2
7352	6
8649	5
6101	5
8751	7
5454	5
4900	0
7604	6
9906	7
5810	1
4730	0
629	4
9993	1
2029	1
5457	5
904	1
2815	7
3488	1
8782	4
8153	4
1987	2
33	4
1530	5
9208	0
7606	3
2690	5
5992	4
8992	5
8194	5
4783	6
3272	0
8739	7
6384	6
7672	6
2981	5
5436	5
2406	1
3277	3
6195	3
1581	4
1509	1
483	3
8198	7
6489	5
3410	7
1872	3
2100	3
429	2
4362	4
6968	2
5024	4
6166	0
2389	4
2853	4
9476	0
1412	5
1820	5
8572	4
6295	2
4849	4
1617	7
7569	6
6580	4
5722	4
7783	0
7636	0
6674	5
8432	7
8859	4
8890	1
3075	1
1918	0
7340	0
2279	1
332	5
9226	1
8413	4
5945	5
9923	7
4377	7
6917	7
2560	3
5400	0
9793	4
4230	3
5537	7
9	1
659	7
5892	4
4904	0
2985	4
2021	0
6863	5
9929	3
3149	1
5343	3
674	0
9561	0
8000	0
4829	5
9634	1
9589	4
4746	4
1040	1
7298	0
2835	3
2667	4
2364	5
119	2
5348	6
4095	1
8450	5
8704	3
9172	3
6908	6
5032	5
4229	3
2392	0
6800	6
3717	3
4949	0
3942	5
1511	5
3259	1
1292	5
1965	5
9393	3
4675	3
2483	3
5662	7
6094	5
6821	1
6056	7
7011	5
5825	3
9257	6
9547	3
953	1
8494	0
2184	5
4048	6
501	1
9579	1
3140	5
8038	1
5683	4
6053	5
5160	5
5628	3
9663	0
4864	4
4738	4
9849	2
7076	7
1323	1
5692	3
5141	3
312	4
5509	7
2526	6
417	6
8151	5
6237	1
3549	2
7191	3
8789	5
9492	4
219	5
18	6
7608	7
3624	3
7531	3
8453	4
6247	1
1889	3
1847	0
167	5
2320	5
5583	6
4244	6
8971	6
7597	3
5482	2
7030	1
3125	6
4368	3
4099	0
90	3
4819	0
9961	5
8503	3
3612	5
5066	3
3385	5
199	0
3619	5
6142	4
4592	7
4215	1
9442	3
5502	7
8642	3
6100	5
4252	1
446	5
6022	6
7393	1
1909	2
2319	3
9914	3
8934	7
4659	2
6027	3
6132	3
2089	1
1443	3
403	4
8392	5
4190	7
3287	6
6174	3
9081	4
9973	5
5331	1
7104	5
4156	7
7278	3
5927	1
2355	2
3178	0
5047	1
6207	5
8295	7
1117	0
2908	0
5149	5
6675	0
6913	1
7219	0
7822	5
6010	1
1555	4
2724	7
1222	1
323	5
3609	0
2064	4
540	1
2160	4
6506	6
201	4
5924	7
4651	4
6454	0
9987	2
274	4
275	0
7392	1
9422	7
1683	0
140	0
3566	5
8158	4
4582	7
4398	5
627	7
4684	1
1248	4
1901	6
6588	1
9632	4
5199	1
2344	6
1297	2
3943	1
5236	6
6669	1
2811	7
1788	0
8886	4
380	1
8762	1
5520	0
5263	4
2708	1
9862	4
5377	5
611	2
4445	6
7748	4
3798	1
3709	6
8446	1
3174	5
4065	0
9499	1
4304	0
3235	7
9661	7
1340	0
9710	2
1316	2
1300	3
4545	6
2705	5
3509	1
2993	1
4916	4
2794	0
6531	7
2722	4
7684	6
4595	2
6057	5
8603	0
7980	7
6924	1
663	5
7545	1
1492	6
6212	4
9740	4
3961	5
7387	7
7577	5
2789	0
7595	0
6521	6
8245	6
6697	7
5274	6
5649	5
5438	6
814	6
5195	0
3760	0
76	5
1205	2
3532	6
5953	5
8256	5
7768	3
718	5
661	6
3703	5
4181	0
9815	5
9563	0
5299	6
2292	0
4154	1
7073	1
822	4
8348	5
5499	7
9986	0
2439	0
1659	7
2362	1
9465	7
11	0
565	3
4581	6
5223	3
8753	4
216	5
415	5
4801	6
6014	0
6476	1
9571	0
7738	5
3911	6
1970	6
6944	2
4998	5
3191	7
5253	1
8996	0
5315	0
1936	5
1895	1
5020	7
9129	6
8220	0
3570	0
9777	2
7666	4
3507	7
8819	2
1232	5
416	5
1095	6
2099	6
9446	3
2031	0
3736	5
3558	5
3808	2
6727	4
4683	2
6193	0
8423	6
9121	6
9179	6
9058	2
2770	7
6348	7
7932	7
5295	6
5496	2
945	7
3521	1
7715	3
8260	5
3219	1
5694	7
4130	5
6160	1
141	1
5448	7
5887	5
2790	5
4102	2
6748	5
3535	3
1070	5
2401	5
4074	3
2141	2
7439	5
1948	5
7342	0
6982	7
7068	7
4133	0
8972	6
401	3
4138	3
3860	3
4638	1
1484	3
4704	1
3598	1
695	1
1309	0
6245	3
1706	7
5037	5
4268	6
7436	3
8581	7
6115	5
3194	0
9687	5
9489	0
2287	2
8201	7
6453	5
432	2
5762	6
7987	0
2657	5
6679	3
1264	6
2616	5
390	1
9136	5
2097	6
1850	4
787	6
3869	3
6291	4
9735	0
3472	6
1317	2
4481	0
5084	7
3384	5
4031	0
5919	1
7966	3
6351	0
5678	0
1738	4
6214	7
9910	1
9837	5
7053	5
4077	5
5642	3
7289	0
9981	5
1104	6
273	1
6296	1
4312	0
2121	6
1809	6
3250	4
6197	6
3892	4
859	6
579	5
9373	7
6701	7
3062	2
3841	0
3882	0
94	6
6243	6
4080	7
4435	6
3592	6
7817	4
7534	7
6456	0
5282	7
2052	7
3281	0
1433	0
5512	4
637	7
7705	1
2432	7
8474	7
9261	1
3403	1
1240	7
7216	6
9759	0
7378	1
7464	6
5061	1
6938	4
3446	4
242	4
7174	7
2116	5
4956	7
7050	5
8885	3
8912	4
1500	6
4421	4
5763	0
5713	6
5399	3
7203	0
4270	1
5903	6
8357	1
3184	0
911	6
6634	0
5414	6
2486	2
9003	0
9475	6
4070	1
7040	1
1691	3
9502	3
3893	5
3743	3
4359	1
6889	7
3276	6
6555	4
5040	1
8961	6
2538	3
6937	1
2759	1
399	7
6657	7
6021	1
8065	6
324	6
370	1
3840	4
6954	5
3010	6
8128	0
3033	0
8637	1
1548	5
7745	4
4175	0
3476	1
5501	3
1250	7
8464	0
245	0
8979	0
7744	5
5729	4
8736	2
2578	4
9425	1
6819	7
9301	4
8114	5
7347	1
781	5
455	5
9371	4
9739	1
8672	6
843	0
423	4
6772	6
3519	7
2073	7
7791	5
9332	4
5803	0
3464	7
9054	7
3418	0
6340	4
345	3
4007	5
1404	4
7613	5
1636	6
7099	6
4718	7
2165	6
44	2
2827	3
3494	1
7292	4
4992	6
7438	4
8752	4
5548	1
8612	1
3511	0
1069	3
5588	4
115	3
9336	5
7808	1
8180	6
6487	0
4323	0
7187	4
9103	0
3590	3
8682	1
6223	0
4082	2
5500	5
2679	1
3104	7
6356	1
1779	3
7336	0
3209	3
9653	4
8025	6
2803	6
6262	4
362	1
8659	1
5150	1
7444	3
6571	3
1549	4
5550	4
6228	5
1238	1
9078	4
8300	3
5328	0
1118	5
7970	6
1506	0
8932	7
5067	2
3659	4
2990	1
5126	1
4443	4
8349	7
1325	4
7240	5
2041	1
5818	0
5671	6
762	1
2854	4
9521	4
572	6
7038	3
3518	7
215	2
8163	6
7243	7
3827	1
456	7
3752	1
9195	0
158	0
5876	0
1876	6
1413	6
8113	7
3124	5
7506	4
7614	2
7772	4
5371	0
1817	1
4375	0
9843	7
211	1
9682	1
9232	2
1030	7
7612	4
9289	7
4117	0
2198	7
444	4
9205	1
9613	1
367	1
5540	5
2542	6
1744	4
808	4
9456	2
5563	6
5451	2
4522	4
2611	7
5082	7
2974	0
2079	1
4669	6
2111	2
7112	0
8839	4
4725	1
9585	5
2138	6
7511	5
8564	0
3605	5
4559	0
4705	1
9134	2
7865	4
6162	1
7546	3
918	4
737	0
3856	2
4649	5
9474	3
5758	7
3668	6
2081	6
6392	7
8023	1
6457	6
1165	6
2741	6
7061	6
1424	7
9642	1
7617	3
8360	0
1576	5
271	0
2761	4
7544	0
4912	0
8570	1
8670	1
1651	3
6052	4
3021	0
2832	6
9229	0
4513	0
2564	0
5746	0
7789	5
9144	1
1147	1
8924	1
9685	6
4603	3
8274	7
9970	1
418	4
6814	6
9688	4
2699	5
8764	4
6432	4
6806	6
1826	4
7746	1
8756	2
3941	0
2979	6
8767	1
9002	4
2421	3
5560	4
8452	5
8727	0
1005	1
4474	7
8675	7
745	5
7072	4
1757	7
206	1
5840	1
4593	0
2636	7
7250	0
5984	4
4769	7
8497	7
6084	1
5112	0
229	4
3373	7
302	4
6939	4
1684	1
9392	7
4583	3
6565	3
8562	3
4097	3
210	0
8735	0
2257	1
8945	3
3768	6
1917	7
7140	3
2397	1
5517	7
3627	3
2264	3
162	5
217	1
9310	4
7965	1
4228	3
7334	1
8240	4
1450	3
5711	0
3047	1
1577	5
7955	4
1689	4
619	0
1620	0
3037	4
2321	7
3332	0
1543	3
4150	0
43	7
1748	4
5643	2
8967	4
7095	3
9427	1
783	3
9765	6
6175	1
3066	5
7588	2
2411	4
5795	1
7261	1
3830	1
5706	1
688	1
597	4
8294	1
8150	5
5589	7
2696	4
1497	5
9590	0
7131	5
5361	4
6419	0
3264	2
6046	1
7590	6
7148	4
9565	1
8185	0
6200	2
6912	7
4768	6
2261	3
5586	3
4020	1
8500	1
2204	3
3427	7
8263	2
7639	6
761	5
1273	7
8155	1
8556	5
9775	1
443	5
6431	6
4961	3
8759	6
60	2
5060	7
8676	6
4979	4
3953	3
3035	5
2834	7
6187	4
9545	5
306	2
397	3
9347	1
1792	6
2962	1
7679	5
4225	3
7829	7
5665	7
1101	2
5975	4
3694	3
3780	1
8914	7
6616	4
4782	1
5547	1
4333	3
318	5
8192	3
5407	5
6368	5
6201	6
3251	5
9039	2
7891	5
3944	7
7213	6
3375	1
433	3
2255	0
5747	7
2892	3
7774	1
7318	7
4895	6
7875	3
5200	3
9934	3
3166	1
165	5
6314	1
4058	1
8082	2
564	1
319	1
9882	1
8963	7
9595	2
9282	1
6490	3
7890	5
4942	7
1585	5
1088	0
3378	1
3090	1
2109	0
4038	7
7567	4
447	1
5949	1
1140	4
7675	3
3812	2
4858	4
4108	1
5459	1
8492	7
8305	6
9444	4
7031	5
6029	5
1838	3
9827	7
785	1
2522	6
8108	4
9745	5
5026	3
7712	6
7237	6
7314	5
2245	3
7478	4
4414	7
7234	5
1167	1
8202	1
9488	5
1402	1
6905	3
9817	1
5620	6
70	0
4719	7
7002	4
6406	4
4737	7
1353	3
1682	3
1194	6
9554	4
3948	1
4240	2
2151	7
9021	5
1481	6
8937	5
1332	4
4165	4
3354	5
6028	2
4373	5
6839	1
7550	1
7523	1
9075	4
1830	0
5055	3
7330	2
9680	7
8078	7
5607	3
4572	4
7302	7
3823	5
9183	3
6233	6
1782	1
4326	1
2938	7
6603	3
6850	1
1614	5
9153	1
3339	1
8791	7
4983	4
383	1
2493	1
4951	5
7650	4
9020	7
3847	1
2676	5
856	7
7147	7
3114	7
7959	3
585	3
8532	2
2623	2
5824	7
4747	4
5023	2
4241	4
2968	0
3252	0
7446	6
8583	3
7205	2
1048	1
1994	4
5412	3
7175	0
6070	5
8535	7
7271	3
5981	3
4688	7
6087	5
9389	4
6016	4
797	6
7919	4
8406	4
5925	6
8848	7
5709	2
3662	7
5597	5
9536	2
2055	0
4248	1
2214	7
3077	1
3071	6
6397	0
6329	6
5913	6
434	2
4575	7
9748	7
7922	6
8013	6
7374	5
623	1
6708	1
870	5
1437	5
3001	5
837	7
7062	3
3197	1
7861	5
9250	1
9696	4
9828	0
9792	1
8004	5
4713	2
3265	4
8802	4
714	2
9773	0
5644	7
8017	4
4799	5
7549	4
1110	7
9337	4
1638	1
6758	4
2515	7
4124	1
9770	0
3515	4
4103	6
8828	1
4071	0
6724	1
3006	1
5612	3
2540	4
5487	5
5322	6
1448	4
8010	5
2812	3
4277	1
1342	1
347	7
9881	7
2166	4
7883	1
5817	4
7835	4
381	1
8280	3
1366	7
5516	2
8313	3
7752	0
8057	1
6551	3
8909	5
1176	4
8723	0
6183	7
1760	6
1470	7
8959	4
4195	3
325	4
1060	5
73	5
3984	3
4780	5
4959	5
343	0
9498	6
1922	4
5167	2
8226	6
6345	2
2379	1
4066	5
7719	4
641	1
712	2
2776	7
9022	1
7856	5
7845	7
6343	3
7169	1
6539	7
1993	6
3809	5
748	6
8993	5
67	6
1462	1
2870	3
9799	3
4896	3
1875	3
1329	3
7728	7
4209	3
4303	5
1480	5
9416	5
9717	5
6577	6
3879	7
6440	5
1841	4
6128	1
7501	4
6422	7
3789	4
4571	4
5631	7
8927	6
9872	7
3057	3
6435	2
1673	2
9181	6
4054	7
3580	5
3583	6
2580	4
3432	2
4448	7
738	5
6199	4
6894	0
3316	5
7005	4
4759	2
5966	4
7173	5
1939	0
9215	5
4596	3
4613	4
2495	5
1510	5
7926	4
7299	1
4200	5
1326	5
1862	1
2634	5
5557	5
9652	2
268	5
9114	4
4693	1
3574	5
8975	2
6438	2
3156	2
4803	7
882	3
4622	2
8726	5
6720	2
865	4
2419	5
1346	4
6253	4
2013	0
908	5
1618	3
2504	5
129	6
4538	4
83	0
5859	5
6520	6
3087	4
4385	6
6820	3
753	3
7834	2
5878	5
1546	0
5710	0
9016	5
5893	5
7948	4
2959	2
7766	5
5680	1
9344	5
7605	5
2672	0
3817	5
9963	0
8563	2
1742	1
7320	4
3182	4
689	2
4162	4
9945	0
7020	0
9348	5
7380	5
8734	1
4884	5
9275	4
7157	5
2071	1
2791	5
9252	0
8730	7
1976	4
9299	2
936	4
6788	0
3833	4
9328	5
6455	7
6768	3
6522	4
5144	7
1695	4
3633	6
8073	5
6942	7
7120	3
2554	1
8136	0
5277	6
3962	3
4439	5
1172	7
4996	5
7558	0
1891	2
1708	5
3049	2
7885	5
454	1
1499	2
3710	6
7927	5
8903	5
421	5
4111	3
2002	3
2465	2
348	0
3674	1
146	6
5899	3
3112	3
8608	3
6891	3
5359	2
3740	5
7603	3
5768	1
665	1
3405	1
7051	1
6694	5
207	7
2045	5
4723	6
8211	1
6268	5
7212	0
5428	2
6996	1
2203	4
372	1
2096	3
893	2
6550	1
7735	7
8883	3
4087	1
4677	7
5376	1
7018	2
6881	2
6987	0
9772	2
9056	2
5453	6
3469	6
5104	5
7422	1
5308	0
9596	5
4389	1
8966	7
1185	3
3560	2
279	6
1713	7
9217	4
4417	3
2665	7
9068	3
3787	7
5007	2
5209	6
602	2
6151	7
9182	5
5273	1
617	4
2544	2
7600	2
5368	5
2298	6
5997	6
1001	2
166	2
2921	7
3218	2
9726	5
510	1
6011	6
5405	5
6081	6
9935	2
4547	1
6546	1
9609	0
3810	1
1701	5
3909	6
3105	1
7019	3
227	2
9841	4
2422	5
4800	5
8115	5
512	2
9767	5
8239	4
5039	0
7328	3
8522	1
6630	1
9088	0
287	3
3806	2
8188	3
8352	5
4646	7
9955	2
4670	5
5947	7
3388	5
272	7
3871	5
8587	3
792	7
6989	2
2757	4
976	2
2118	5
8832	2
5576	0
4489	7
8978	5
1155	7
6091	7
651	6
6269	1
604	5
3805	3
4430	4
8948	5
626	0
1170	5
588	0
2839	6
2651	0
5901	2
6876	5
2703	5
175	3
9167	3
4874	2
9034	1
2282	0
173	7
1179	3
5302	2
340	4
2418	7
3885	1
7713	7
3797	6
7527	5
2178	6
5484	5
4306	2
8110	7
9602	2
9417	6
3599	5
728	1
189	5
4645	2
3147	1
6798	5
5474	3
448	5
9796	7
4464	4
356	2
6598	5
1653	0
6716	2
4518	7
5599	3
2582	0
156	2
8849	5
7177	2
2176	0
5312	0
7236	6
3937	2
3930	0
5189	5
7079	6
7676	4
7026	0
1521	3
6930	2
1973	5
4094	1
3803	5
6862	3
7155	2
1852	4
7784	5
4579	0
1016	1
3567	2
1482	7
1032	5
8354	5
9334	6
7420	7
5393	5
2875	2
5897	2
8195	2
6587	3
1910	1
8487	1
7090	0
9359	7
8970	1
555	7
4565	5
5794	6
2999	6
1217	0
8230	4
5646	7
3280	1
2236	7
8182	4
8154	7
662	7
6564	7
6961	1
1632	7
4298	1
5741	6
2874	4
5214	7
8315	7
6597	1
5488	3
2780	0
4025	7
928	2
3522	1
2327	1
7239	0
1720	7
2930	5
1361	2
8090	2
4681	1
7094	5
6643	3
3342	7
3939	6
4467	2
7139	6
2164	1
7535	3
8881	3
3493	3
1553	0
3952	2
4191	5
5381	5
7754	1
62	4
8447	1
7641	2
9899	1
9482	6
723	2
1962	6
3113	0
638	3
7688	7
9901	7
5305	5
5600	4
2474	1
943	6
2989	5
6511	7
4496	4
7450	7
8471	6
56	5
9070	5
3367	7
7238	5
7066	4
4386	7
1135	7
573	0
7556	1
2627	0
9314	0
2795	4
4888	1
4588	4
1596	7
3698	0
839	5
4083	1
9325	0
9420	0
4324	0
6434	0
4724	5
8393	1
7251	7
5888	0
1550	0
3003	1
6060	1
5703	0
445	4
7441	0
741	6
1584	1
8630	2
4472	0
9798	6
4337	5
8335	1
7281	2
8257	0
477	7
3534	0
3976	7
8533	0
3052	1
1610	1
2857	1
2069	2
4598	0
8801	5
177	1
8709	1
4035	5
6864	1
1261	0
5358	4
1002	4
7256	2
3742	1
5042	2
7266	5
7043	1
729	3
5281	5
3116	5
2158	5
4349	7
9703	0
3652	1
1886	0
2931	4
2470	5
2384	5
4388	5
8648	2
1982	0
2566	1
4246	6
5687	6
8496	3
2001	2
7525	5
3032	5
9638	7
8555	1
9213	5
7911	5
6415	4
8635	1
5184	2
3286	0
1940	1
6584	5
5688	5
4203	3
7986	2
3088	2
1896	0
2647	5
5340	5
2562	0
371	5
4987	0
1762	5
5958	1
1504	2
8286	5
5185	5
2399	6
3875	2
9128	6
7252	4
2950	1
2961	3
2516	1
2058	1
4662	5
557	1
5298	0
3258	3
2868	0
4367	2
7877	3
4135	5
9106	0
3246	6
9004	1
554	6
7828	6
32	5
726	0
5519	1
4325	0
3471	6
9383	6
5955	3
5152	0
6492	7
5288	1
3890	5
7707	6
3883	0
8814	5
5413	6
8775	0
9404	2
1407	6
3816	4
8542	3
7971	7
9326	5
6146	4
5850	0
8920	4
7782	6
2294	3
900	6
4290	5
3327	0
2545	2
9233	5
8857	2
8084	7
9118	4
4394	7
5193	2
2475	4
6360	0
2830	3
2123	5
5094	6
538	5
4517	7
9662	4
184	6
985	0
1633	0
8095	4
676	1
7466	3
6259	6
3133	6
8990	7
9562	1
3537	0
6449	6
981	5
9377	6
7257	4
4008	6
7579	6
1254	7
8606	6
6157	7
3588	5
4625	5
5853	5
8738	5
1322	4
1035	7
3913	2
4872	4
9860	1
8650	3
6756	4
6418	7
2754	0
8638	1
930	4
8408	6
7232	5
9791	4
1983	0
4953	0
1878	6
2628	0
1080	5
2984	0
7046	1
2289	5
6413	3
3340	1
5437	5
2777	4
545	7
7589	6
2026	7
7435	5
633	5
4018	6
5819	0
3413	6
4984	1
5756	0
9346	0
4805	1
3647	4
5132	7
4589	5
5689	7
8998	5
6919	4
9583	1
5078	3
3419	5
2533	1
2014	1
1352	4
2005	7
5080	7
5708	6
2388	3
7934	7
460	0
9272	5
1662	1
7413	0
6874	6
5445	4
8712	5
6629	1
5180	1
986	3
5936	5
5918	6
265	6
7674	1
9156	3
7364	7
9795	4
9351	5
4112	3
5654	0
4674	4
9917	7
5011	1
2352	3
1567	2
5793	6
6813	0
3935	5
1644	0
3706	5
4327	1
3562	6
7520	0
2022	6
9292	0
2748	6
550	0
4400	0
3404	3
3200	0
9601	6
1200	5
8365	3
3653	7
1338	0
6063	3
3596	6
531	0
87	5
8594	4
6407	2
9507	5
5046	7
4826	7
1081	3
5471	0
1171	7
7449	5
3630	1
5392	2
8007	7
3854	0
7857	6
549	0
754	7
9161	0
8931	0
7696	6
8793	0
9695	0
482	0
2799	0
1590	7
4137	6
2855	7
1925	2
5362	3
5186	2
7725	0
9845	6
5724	6
3389	2
8725	2
5287	7
890	5
5486	1
8272	0
1657	5
4457	7
4392	0
8170	7
2414	6
7533	5
1218	1
39	0
3723	6
8367	0
5653	6
8991	1
9636	1
1376	5
1251	0
498	7
8243	0
7401	1
2860	0
7223	1
157	5
1391	4
868	0
6341	5
1127	6
4985	3
8055	0
6018	2
5504	0
2652	2
1263	2
5095	2
6450	5
3291	7
8560	1
354	2
1333	1
6792	1
9712	5
75	2
6615	0
3393	5
3110	5
3564	0
2359	1
7968	2
400	0
2942	6
6462	3
3593	6
7006	1
7452	0
4049	0
7190	1
9279	4
486	0
61	0
1166	5
1559	1
7406	6
4146	2
919	0
2125	4
6250	1
8438	5
6112	0
699	1
7004	1
4848	1
6856	6
721	1
4206	1
8941	0
6545	2
9140	1
8034	0
5593	0
2695	0
8721	4
4923	6
7290	1
4460	5
462	4
42	2
1163	0
5632	1
770	6
4221	6
6791	6
4604	5
3223	4
836	5
2513	7
8035	3
2208	1
7583	0
9908	2
860	3
2609	6
5109	4
9193	5
1986	6
6750	1
8276	6
5062	2
4694	1
3478	1
3545	7
2044	3
267	3
6372	5
5663	1
243	6
8844	4
5944	4
4906	4
2004	6
3319	6
5354	6
3544	2
9494	4
4251	2
5375	4
570	1
160	4
9874	4
7407	1
9491	6
7286	2
6138	2
9871	6
8289	3
4202	2
6184	6
3038	7
1211	1
7309	6
9356	7
3846	1
3649	6
5219	6
6656	3
7211	7
1133	2
8747	2
8070	7
51	7
1207	6
3357	3
335	2
7418	2
2927	2
4242	6
5208	2
3363	7
5218	5
1772	7
247	0
5182	2
1043	5
2302	1
5477	2
2800	5
5213	4
3604	2
2385	6
1557	6
5251	1
4318	6
6602	6
7693	1
9753	6
6402	7
987	2
2996	4
1571	2
960	3
366	6
4459	0
8527	6
811	1
6473	2
8039	4
1505	6
9982	6
220	2
509	5
2558	4
3691	1
3747	1
7049	0
178	6
5370	6
8227	2
1992	2
948	1
5227	1
4765	1
4841	4
6809	4
8164	4
4120	1
5401	3
5652	0
8142	3
7963	5
6585	0
5229	5
1490	1
8424	3
3636	0
1866	3
250	0
8534	2
3063	6
1246	6
7889	5
3424	4
2442	3
3763	0
2350	0
303	3
774	3
648	5
2901	2
5844	1
5335	5
2155	5
9306	3
7454	3
3290	7
1420	6
2543	5
4369	0
4620	5
7231	0
2330	0
3475	2
7282	5
2598	7
816	7
6235	4
4609	2
3700	3
1287	0
6927	5
2805	7
7016	2
7331	0
1199	3
977	6
85	4
8880	0
6015	3
6514	3
580	2
195	3
8248	7
1452	3
5418	2
4235	5
4928	5
6600	2
1897	6
5158	2
4157	6
1459	6
1308	5
3485	2
1740	5
5664	7
5336	7
9996	3
9166	2
66	5
9787	5
4355	2
521	5
7596	2
9113	6
4566	3
7625	5
5134	2
2420	3
932	6
1814	4
2342	2
1932	2
3689	5
8031	4
4316	3
7687	0
6771	5
5787	0
6024	0
7909	4
4194	6
3676	2
4743	2
3167	7
1173	2
2322	2
9400	4
4477	6
135	0
6303	6
9369	2
6304	6
5293	5
2733	5
5931	2
954	6
84	2
821	5
4691	2
5353	6
1473	6
9546	6
3873	2
6047	7
7354	0
9154	2
4974	7
9658	5
4726	5
8258	5
7451	5
3442	5
6315	2
82	2
6895	3
3714	7
8048	5
7810	5
2898	1
8001	1
4269	5
2597	6
2438	6
5380	2
5330	6
7367	6
5242	5
6298	5
5608	5
5759	1
6696	5
2312	5
4452	4
438	7
1677	5
5313	5
1921	7
405	5
6907	3
5452	4
7341	1
9947	1
5921	3
6678	5
5257	5
9990	3
7311	5
6847	5
2561	3
7077	6
3818	4
2446	1
2850	4
1984	4
3999	6
1099	2
777	2
9148	3
4600	6
556	3
3103	1
4924	3
9999	2
3720	1
9467	3
8112	6
6322	3
9640	6
9170	3
7665	1
3160	1
4887	1
2274	6
8796	6
7081	7
3985	1
9381	1
7581	3
1568	1
3670	6
3123	5
2308	3
1223	1
4063	4
9969	3
1037	3
758	3
5561	3
1985	3
3581	1
1015	1
5382	3
7722	5
9260	5
765	5
8673	5
7145	1
1426	1
3582	5
9015	1
9025	3
4262	3
3898	5
2998	5
7227	5
9235	4
5922	6
7482	4
587	5
2033	5
4041	5
4931	4
9603	3
732	7
7700	7
7057	5
1008	5
8064	5
