0	4
1	5
2	5
3	5
4	3
5	5
6	5
7	4
8	6
9	1
10	6
11	0
12	5
13	7
14	7
15	7
16	2
17	7
18	6
19	2
20	4
21	1
22	3
23	4
24	1
25	1
26	0
27	7
28	7
29	7
30	2
31	1
32	5
33	4
34	3
35	1
36	5
37	4
38	7
39	0
40	2
41	0
42	2
43	7
44	2
45	2
46	7
47	4
48	3
49	6
50	4
51	7
52	1
53	4
54	0
55	0
56	5
57	0
58	1
59	6
60	2
61	0
62	4
63	1
64	4
65	5
66	5
67	6
68	0
69	4
70	0
71	4
72	4
73	5
74	2
75	2
76	5
77	0
78	4
79	2
80	5
81	0
82	2
83	0
84	2
85	4
86	7
87	5
88	5
89	2
90	3
91	3
92	4
93	1
94	6
95	3
96	6
97	0
98	0
99	6
100	5
101	2
102	7
103	1
104	5
105	5
106	4
107	7
108	1
109	7
110	4
111	6
112	7
113	6
114	0
115	3
116	1
117	7
118	4
119	2
120	7
121	3
122	5
123	1
124	1
125	4
126	4
127	3
128	6
129	6
130	4
131	6
132	1
133	7
134	4
135	0
136	0
137	1
138	0
139	0
140	0
141	1
142	5
143	2
144	7
145	7
146	6
147	1
148	6
149	2
150	5
151	1
152	7
153	3
154	7
155	3
156	2
157	5
158	0
159	7
160	4
161	6
162	5
163	5
164	6
165	5
166	2
167	5
168	2
169	2
170	3
171	4
172	0
173	7
174	4
175	3
176	1
177	1
178	6
179	5
180	4
181	5
182	3
183	4
184	6
185	1
186	2
187	3
188	7
189	5
190	7
191	6
192	5
193	1
194	1
195	3
196	2
197	1
198	5
199	0
200	0
201	4
202	5
203	4
204	6
205	4
206	1
207	7
208	4
209	6
210	0
211	1
212	7
213	6
214	5
215	2
216	5
217	1
218	7
219	5
220	2
221	5
222	7
223	0
224	7
225	0
226	4
227	2
228	7
229	4
230	2
231	7
232	4
233	4
234	0
235	0
236	1
237	7
238	1
239	2
240	0
241	1
242	4
243	6
244	2
245	0
246	3
247	0
248	0
249	2
250	0
251	7
252	6
253	7
254	3
255	2
256	4
257	7
258	7
259	0
260	5
261	3
262	0
263	1
264	2
265	6
266	6
267	3
268	5
269	3
270	4
271	0
272	7
273	1
274	4
275	0
276	1
277	4
278	0
279	6
280	4
281	6
282	1
283	2
284	1
285	5
286	2
287	3
288	1
289	7
290	7
291	6
292	4
293	3
294	3
295	3
296	7
297	3
298	0
299	1
300	4
301	3
302	4
303	3
304	6
305	7
306	2
307	4
308	7
309	4
310	4
311	4
312	4
313	5
314	3
315	3
316	1
317	2
318	5
319	1
320	0
321	1
322	2
323	5
324	6
325	4
326	2
327	4
328	5
329	0
330	5
331	2
332	5
333	5
334	0
335	2
336	5
337	4
338	7
339	4
340	4
341	3
342	1
343	0
344	3
345	3
346	4
347	7
348	0
349	7
350	1
351	2
352	7
353	0
354	2
355	0
356	2
357	3
358	2
359	1
360	3
361	4
362	1
363	3
364	1
365	0
366	6
367	1
368	3
369	6
370	1
371	5
372	1
373	1
374	0
375	5
376	4
377	0
378	7
379	6
380	1
381	1
382	6
383	1
384	1
385	7
386	4
387	0
388	7
389	6
390	1
391	0
392	5
393	0
394	4
395	0
396	3
397	3
398	5
399	7
400	0
401	3
402	4
403	4
404	5
405	5
406	7
407	2
408	0
409	4
410	4
411	7
412	6
413	1
414	6
415	5
416	5
417	6
418	4
419	3
420	0
421	5
422	4
423	4
424	3
425	3
426	0
427	0
428	5
429	2
430	2
431	2
432	2
433	3
434	2
435	0
436	1
437	3
438	7
439	5
440	1
441	4
442	7
443	5
444	4
445	4
446	5
447	1
448	5
449	5
450	4
451	7
452	3
453	1
454	1
455	5
456	7
457	5
458	3
459	3
460	0
461	0
462	4
463	7
464	3
465	0
466	0
467	3
468	4
469	3
470	3
471	0
472	7
473	0
474	2
475	7
476	7
477	7
478	5
479	4
480	5
481	0
482	0
483	3
484	4
485	0
486	0
487	2
488	1
489	4
490	7
491	4
492	5
493	0
494	3
495	1
496	3
497	3
498	7
499	7
500	5
501	1
502	3
503	7
504	6
505	7
506	5
507	3
508	7
509	5
510	1
511	4
512	2
513	0
514	2
515	5
516	1
517	1
518	7
519	0
520	2
521	5
522	6
523	2
524	3
525	4
526	6
527	1
528	5
529	0
530	4
531	0
532	5
533	2
534	6
535	3
536	1
537	0
538	5
539	3
540	1
541	1
542	1
543	4
544	0
545	7
546	4
547	6
548	4
549	0
550	0
551	3
552	5
553	0
554	6
555	7
556	3
557	1
558	0
559	2
560	1
561	7
562	6
563	5
564	1
565	3
566	5
567	2
568	2
569	7
570	1
571	0
572	6
573	0
574	2
575	7
576	1
577	3
578	3
579	5
580	2
581	0
582	6
583	6
584	6
585	3
586	4
587	5
588	0
589	1
590	1
591	6
592	5
593	5
594	6
595	1
596	2
597	4
598	4
599	5
600	0
601	0
602	2
603	1
604	5
605	7
606	1
607	0
608	5
609	5
610	1
611	2
612	6
613	5
614	5
615	5
616	7
617	4
618	7
619	0
620	7
621	1
622	6
623	1
624	0
625	4
626	0
627	7
628	7
629	4
630	7
631	4
632	2
633	5
634	7
635	1
636	0
637	7
638	3
639	7
640	3
641	1
642	0
643	7
644	3
645	3
646	7
647	6
648	5
649	6
650	1
651	6
652	6
653	4
654	7
655	6
656	4
657	7
658	1
659	7
660	1
661	6
662	7
663	5
664	0
665	1
666	5
667	0
668	3
669	3
670	5
671	4
672	6
673	5
674	0
675	0
676	1
677	3
678	7
679	1
680	5
681	6
682	6
683	0
684	6
685	0
686	3
687	5
688	1
689	2
690	5
691	4
692	5
693	5
694	7
695	1
696	5
697	2
698	3
699	1
700	6
701	5
702	7
703	4
704	7
705	4
706	1
707	1
708	5
709	7
710	5
711	5
712	2
713	3
714	2
715	1
716	0
717	6
718	5
719	1
720	7
721	1
722	5
723	2
724	2
725	3
726	0
727	1
728	1
729	3
730	1
731	3
732	7
733	6
734	7
735	6
736	7
737	0
738	5
739	3
740	6
741	6
742	5
743	7
744	1
745	5
746	7
747	5
748	6
749	7
750	5
751	7
752	6
753	3
754	7
755	4
756	1
757	6
758	3
759	4
760	0
761	5
762	1
763	7
764	5
765	5
766	3
767	7
768	6
769	1
770	6
771	5
772	2
773	5
774	3
775	7
776	5
777	2
778	1
779	5
780	5
781	5
782	2
783	3
784	3
785	1
786	7
787	6
788	3
789	2
790	4
791	5
792	7
793	7
794	7
795	5
796	6
797	6
798	5
799	6
800	4
801	7
802	4
803	6
804	0
805	1
806	5
807	1
808	4
809	0
810	4
811	1
812	5
813	7
814	6
815	6
816	7
817	5
818	0
819	4
820	1
821	5
822	4
823	5
824	3
825	4
826	7
827	1
828	3
829	6
830	3
831	6
832	6
833	1
834	0
835	6
836	5
837	7
838	5
839	5
840	4
841	5
842	5
843	0
844	6
845	5
846	4
847	3
848	4
849	0
850	0
851	6
852	6
853	1
854	1
855	0
856	7
857	1
858	4
859	6
860	3
861	2
862	3
863	5
864	3
865	4
866	4
867	1
868	0
869	3
870	5
871	0
872	7
873	4
874	6
875	7
876	0
877	6
878	0
879	1
880	0
881	4
882	3
883	1
884	6
885	1
886	6
887	0
888	7
889	2
890	5
891	5
892	5
893	2
894	5
895	1
896	5
897	3
898	3
899	7
900	6
901	6
902	1
903	1
904	1
905	4
906	5
907	3
908	5
909	3
910	6
911	6
912	0
913	4
914	3
915	0
916	7
917	7
918	4
919	0
920	1
921	0
922	6
923	4
924	3
925	3
926	3
927	0
928	2
929	7
930	4
931	2
932	6
933	1
934	0
935	2
936	4
937	3
938	2
939	1
940	6
941	7
942	5
943	6
944	4
945	7
946	4
947	6
948	1
949	4
950	7
951	4
952	5
953	1
954	6
955	5
956	3
957	5
958	4
959	0
960	3
961	4
962	6
963	5
964	1
965	0
966	2
967	3
968	1
969	2
970	7
971	1
972	3
973	6
974	3
975	4
976	2
977	6
978	2
979	5
980	0
981	5
982	7
983	0
984	3
985	0
986	3
987	2
988	1
989	3
990	0
991	5
992	0
993	5
994	0
995	0
996	1
997	6
998	3
999	0
1000	1
1001	2
1002	4
1003	7
1004	7
1005	1
1006	5
1007	3
1008	5
1009	5
1010	5
1011	2
1012	7
1013	0
1014	6
1015	1
1016	1
1017	5
1018	4
1019	0
1020	7
1021	0
1022	3
1023	0
1024	4
1025	7
1026	0
1027	1
1028	2
1029	4
1030	7
1031	6
1032	5
1033	1
1034	6
1035	7
1036	3
1037	3
1038	2
1039	2
1040	1
1041	0
1042	0
1043	5
1044	4
1045	6
1046	1
1047	1
1048	1
1049	3
1050	6
1051	4
1052	3
1053	0
1054	7
1055	1
1056	6
1057	1
1058	1
1059	3
1060	5
1061	7
1062	3
1063	4
1064	6
1065	2
1066	4
1067	2
1068	4
1069	3
1070	5
1071	3
1072	3
1073	3
1074	5
1075	1
1076	7
1077	0
1078	5
1079	3
1080	5
1081	3
1082	1
1083	7
1084	0
1085	5
1086	1
1087	5
1088	0
1089	7
1090	2
1091	5
1092	0
1093	3
1094	3
1095	6
1096	6
1097	4
1098	0
1099	2
1100	2
1101	2
1102	2
1103	3
1104	6
1105	1
1106	3
1107	7
1108	1
1109	1
1110	7
1111	0
1112	1
1113	3
1114	2
1115	4
1116	2
1117	0
1118	5
1119	4
1120	2
1121	0
1122	4
1123	4
1124	1
1125	5
1126	5
1127	6
1128	1
1129	0
1130	1
1131	2
1132	7
1133	2
1134	3
1135	7
1136	6
1137	1
1138	3
1139	5
1140	4
1141	5
1142	7
1143	1
1144	6
1145	0
1146	5
1147	1
1148	6
1149	5
1150	4
1151	2
1152	3
1153	1
1154	2
1155	7
1156	5
1157	0
1158	6
1159	0
1160	4
1161	7
1162	0
1163	0
1164	2
1165	6
1166	5
1167	1
1168	7
1169	0
1170	5
1171	7
1172	7
1173	2
1174	3
1175	1
1176	4
1177	4
1178	2
1179	3
1180	0
1181	4
1182	0
1183	3
1184	3
1185	3
1186	7
1187	3
1188	7
1189	3
1190	6
1191	6
1192	1
1193	7
1194	6
1195	4
1196	4
1197	4
1198	4
1199	3
1200	5
1201	6
1202	0
1203	5
1204	0
1205	2
1206	5
1207	6
1208	4
1209	4
1210	2
1211	1
1212	7
1213	6
1214	5
1215	6
1216	6
1217	0
1218	1
1219	7
1220	5
1221	7
1222	1
1223	1
1224	4
1225	4
1226	0
1227	4
1228	0
1229	6
1230	0
1231	3
1232	5
1233	7
1234	6
1235	0
1236	2
1237	0
1238	1
1239	0
1240	7
1241	3
1242	1
1243	2
1244	6
1245	4
1246	6
1247	7
1248	4
1249	5
1250	7
1251	0
1252	1
1253	5
1254	7
1255	0
1256	6
1257	6
1258	5
1259	0
1260	5
1261	0
1262	4
1263	2
1264	6
1265	6
1266	1
1267	5
1268	2
1269	6
1270	6
1271	7
1272	7
1273	7
1274	7
1275	5
1276	4
1277	0
1278	7
1279	4
1280	0
1281	4
1282	6
1283	5
1284	5
1285	5
1286	4
1287	0
1288	7
1289	5
1290	5
1291	4
1292	5
1293	7
1294	1
1295	3
1296	1
1297	2
1298	4
1299	5
1300	3
1301	6
1302	7
1303	2
1304	6
1305	4
1306	1
1307	1
1308	5
1309	0
1310	5
1311	0
1312	6
1313	6
1314	5
1315	3
1316	2
1317	2
1318	0
1319	1
1320	2
1321	3
1322	4
1323	1
1324	1
1325	4
1326	5
1327	5
1328	6
1329	3
1330	5
1331	1
1332	4
1333	1
1334	6
1335	1
1336	6
1337	3
1338	0
1339	6
1340	0
1341	5
1342	1
1343	6
1344	0
1345	1
1346	4
1347	3
1348	0
1349	4
1350	1
1351	2
1352	4
1353	3
1354	7
1355	0
1356	4
1357	3
1358	3
1359	3
1360	0
1361	2
1362	4
1363	6
1364	1
1365	2
1366	7
1367	3
1368	2
1369	2
1370	3
1371	1
1372	0
1373	2
1374	0
1375	7
1376	5
1377	7
1378	1
1379	1
1380	1
1381	1
1382	4
1383	5
1384	7
1385	7
1386	1
1387	0
1388	3
1389	0
1390	0
1391	4
1392	3
1393	4
1394	3
1395	7
1396	5
1397	5
1398	5
1399	1
1400	3
1401	1
1402	1
1403	6
1404	4
1405	0
1406	5
1407	6
1408	5
1409	1
1410	3
1411	6
1412	5
1413	6
1414	2
1415	0
1416	5
1417	1
1418	5
1419	4
1420	6
1421	7
1422	7
1423	7
1424	7
1425	7
1426	1
1427	2
1428	1
1429	5
1430	2
1431	0
1432	3
1433	0
1434	5
1435	0
1436	7
1437	5
1438	5
1439	5
1440	5
1441	5
1442	5
1443	3
1444	3
1445	4
1446	1
1447	7
1448	4
1449	3
1450	3
1451	4
1452	3
1453	0
1454	6
1455	7
1456	7
1457	7
1458	4
1459	6
1460	5
1461	3
1462	1
1463	2
1464	7
1465	0
1466	1
1467	7
1468	1
1469	6
1470	7
1471	6
1472	1
1473	6
1474	1
1475	4
1476	1
1477	3
1478	3
1479	6
1480	5
1481	6
1482	7
1483	6
1484	3
1485	7
1486	7
1487	2
1488	0
1489	1
1490	1
1491	0
1492	6
1493	2
1494	4
1495	3
1496	3
1497	5
1498	5
1499	2
1500	6
1501	3
1502	1
1503	2
1504	2
1505	6
1506	0
1507	5
1508	6
1509	1
1510	5
1511	5
1512	4
1513	1
1514	0
1515	7
1516	3
1517	4
1518	5
1519	4
1520	0
1521	3
1522	5
1523	7
1524	7
1525	7
1526	1
1527	1
1528	3
1529	5
1530	5
1531	0
1532	4
1533	6
1534	0
1535	2
1536	6
1537	3
1538	3
1539	4
1540	1
1541	4
1542	5
1543	3
1544	2
1545	5
1546	0
1547	0
1548	5
1549	4
1550	0
1551	3
1552	1
1553	0
1554	5
1555	4
1556	7
1557	6
1558	2
1559	1
1560	5
1561	1
1562	4
1563	4
1564	2
1565	0
1566	6
1567	2
1568	1
1569	1
1570	4
1571	2
1572	5
1573	3
1574	2
1575	1
1576	5
1577	5
1578	5
1579	0
1580	3
1581	4
1582	2
1583	4
1584	1
1585	5
1586	6
1587	7
1588	4
1589	6
1590	7
1591	3
1592	4
1593	2
1594	0
1595	5
1596	7
1597	6
1598	7
1599	5
1600	6
1601	1
1602	7
1603	2
1604	1
1605	0
1606	4
1607	5
1608	1
1609	6
1610	1
1611	7
1612	0
1613	1
1614	5
1615	4
1616	6
1617	7
1618	3
1619	2
1620	0
1621	2
1622	2
1623	5
1624	0
1625	1
1626	4
1627	5
1628	3
1629	0
1630	4
1631	5
1632	7
1633	0
1634	5
1635	5
1636	6
1637	4
1638	1
1639	1
1640	5
1641	1
1642	7
1643	5
1644	0
1645	4
1646	3
1647	3
1648	2
1649	7
1650	7
1651	3
1652	0
1653	0
1654	4
1655	7
1656	4
1657	5
1658	4
1659	7
1660	2
1661	6
1662	1
1663	5
1664	2
1665	1
1666	0
1667	3
1668	5
1669	6
1670	2
1671	5
1672	7
1673	2
1674	5
1675	7
1676	5
1677	5
1678	0
1679	3
1680	3
1681	2
1682	3
1683	0
1684	1
1685	0
1686	3
1687	1
1688	0
1689	4
1690	5
1691	3
1692	4
1693	3
1694	1
1695	4
1696	1
1697	7
1698	1
1699	6
1700	2
1701	5
1702	7
1703	7
1704	4
1705	1
1706	7
1707	7
1708	5
1709	6
1710	4
1711	5
1712	4
1713	7
1714	5
1715	1
1716	5
1717	0
1718	6
1719	1
1720	7
1721	5
1722	1
1723	0
1724	5
1725	7
1726	0
1727	4
1728	1
1729	1
1730	4
1731	0
1732	7
1733	0
1734	4
1735	2
1736	0
1737	2
1738	4
1739	4
1740	5
1741	5
1742	1
1743	5
1744	4
1745	6
1746	4
1747	7
1748	4
1749	1
1750	2
1751	5
1752	5
1753	7
1754	7
1755	7
1756	7
1757	7
1758	1
1759	6
1760	6
1761	4
1762	5
1763	4
1764	6
1765	0
1766	0
1767	7
1768	3
1769	3
1770	6
1771	2
1772	7
1773	0
1774	1
1775	7
1776	0
1777	4
1778	5
1779	3
1780	0
1781	2
1782	1
1783	5
1784	7
1785	0
1786	7
1787	3
1788	0
1789	0
1790	5
1791	5
1792	6
1793	0
1794	4
1795	1
1796	3
1797	1
1798	0
1799	7
1800	5
1801	3
1802	4
1803	5
1804	6
1805	7
1806	5
1807	4
1808	7
1809	6
1810	4
1811	5
1812	0
1813	0
1814	4
1815	7
1816	6
1817	1
1818	1
1819	2
1820	5
1821	3
1822	6
1823	0
1824	6
1825	7
1826	4
1827	4
1828	7
1829	7
1830	0
1831	1
1832	3
1833	3
1834	2
1835	7
1836	0
1837	5
1838	3
1839	0
1840	1
1841	4
1842	5
1843	4
1844	3
1845	7
1846	3
1847	0
1848	1
1849	3
1850	4
1851	2
1852	4
1853	5
1854	6
1855	7
1856	6
1857	0
1858	7
1859	3
1860	4
1861	3
1862	1
1863	7
1864	0
1865	6
1866	3
1867	4
1868	7
1869	1
1870	5
1871	5
1872	3
1873	2
1874	6
1875	3
1876	6
1877	4
1878	6
1879	3
1880	6
1881	3
1882	7
1883	0
1884	6
1885	4
1886	0
1887	1
1888	4
1889	3
1890	7
1891	2
1892	6
1893	5
1894	1
1895	1
1896	0
1897	6
1898	5
1899	6
1900	6
1901	6
1902	6
1903	4
1904	1
1905	5
1906	0
1907	7
1908	1
1909	2
1910	1
1911	1
1912	0
1913	5
1914	0
1915	3
1916	0
1917	7
1918	0
1919	3
1920	7
1921	7
1922	4
1923	6
1924	3
1925	2
1926	4
1927	5
1928	1
1929	7
1930	0
1931	0
1932	2
1933	1
1934	4
1935	0
1936	5
1937	2
1938	0
1939	0
1940	1
1941	7
1942	1
1943	4
1944	0
1945	7
1946	2
1947	4
1948	5
1949	7
1950	1
1951	3
1952	1
1953	3
1954	5
1955	2
1956	5
1957	6
1958	2
1959	5
1960	7
1961	1
1962	6
1963	5
1964	3
1965	5
1966	5
1967	4
1968	1
1969	5
1970	6
1971	4
1972	3
1973	5
1974	0
1975	2
1976	4
1977	3
1978	6
1979	4
1980	7
1981	7
1982	0
1983	0
1984	4
1985	3
1986	6
1987	2
1988	7
1989	5
1990	0
1991	5
1992	2
1993	6
1994	4
1995	2
1996	0
1997	5
1998	3
1999	4
2000	3
2001	2
2002	3
2003	6
2004	6
2005	7
2006	7
2007	1
2008	3
2009	2
2010	2
2011	2
2012	6
2013	0
2014	1
2015	6
2016	0
2017	0
2018	7
2019	2
2020	4
2021	0
2022	6
2023	4
2024	5
2025	7
2026	7
2027	4
2028	5
2029	1
2030	1
2031	0
2032	3
2033	5
2034	1
2035	7
2036	5
2037	7
2038	6
2039	7
2040	1
2041	1
2042	1
2043	4
2044	3
2045	5
2046	1
2047	7
2048	1
2049	2
2050	5
2051	6
2052	7
2053	4
2054	3
2055	0
2056	3
2057	4
2058	1
2059	5
2060	6
2061	0
2062	1
2063	0
2064	4
2065	7
2066	5
2067	0
2068	0
2069	2
2070	7
2071	1
2072	4
2073	7
2074	5
2075	6
2076	6
2077	6
2078	7
2079	1
2080	5
2081	6
2082	7
2083	0
2084	4
2085	1
2086	4
2087	4
2088	7
2089	1
2090	1
2091	5
2092	0
2093	5
2094	4
2095	2
2096	3
2097	6
2098	6
2099	6
2100	3
2101	0
2102	1
2103	1
2104	3
2105	5
2106	5
2107	2
2108	4
2109	0
2110	1
2111	2
2112	3
2113	0
2114	7
2115	2
2116	5
2117	4
2118	5
2119	5
2120	1
2121	6
2122	3
2123	5
2124	5
2125	4
2126	7
2127	5
2128	4
2129	5
2130	7
2131	4
2132	1
2133	0
2134	6
2135	7
2136	5
2137	4
2138	6
2139	2
2140	7
2141	2
2142	0
2143	2
2144	5
2145	5
2146	7
2147	1
2148	3
2149	1
2150	7
2151	7
2152	3
2153	2
2154	0
2155	5
2156	1
2157	3
2158	5
2159	5
2160	4
2161	7
2162	5
2163	4
2164	1
2165	6
2166	4
2167	1
2168	6
2169	3
2170	3
2171	4
2172	3
2173	0
2174	6
2175	1
2176	0
2177	7
2178	6
2179	2
2180	5
2181	6
2182	7
2183	3
2184	5
2185	6
2186	4
2187	5
2188	6
2189	1
2190	7
2191	1
2192	5
2193	4
2194	0
2195	1
2196	5
2197	5
2198	7
2199	5
2200	2
2201	1
2202	0
2203	4
2204	3
2205	3
2206	1
2207	5
2208	1
2209	3
2210	2
2211	2
2212	7
2213	1
2214	7
2215	6
2216	5
2217	3
2218	5
2219	3
2220	0
2221	0
2222	6
2223	5
2224	4
2225	4
2226	2
2227	0
2228	7
2229	3
2230	5
2231	4
2232	7
2233	6
2234	4
2235	0
2236	7
2237	0
2238	0
2239	6
2240	1
2241	6
2242	7
2243	1
2244	1
2245	3
2246	1
2247	4
2248	0
2249	2
2250	5
2251	4
2252	5
2253	7
2254	2
2255	0
2256	3
2257	1
2258	5
2259	3
2260	5
2261	3
2262	6
2263	4
2264	3
2265	6
2266	1
2267	0
2268	6
2269	6
2270	5
2271	7
2272	5
2273	0
2274	6
2275	2
2276	7
2277	4
2278	4
2279	1
2280	7
2281	4
2282	0
2283	0
2284	0
2285	1
2286	2
2287	2
2288	7
2289	5
2290	5
2291	7
2292	0
2293	7
2294	3
2295	3
2296	1
2297	4
2298	6
2299	7
2300	0
2301	5
2302	1
2303	5
2304	5
2305	0
2306	6
2307	4
2308	3
2309	5
2310	6
2311	4
2312	5
2313	6
2314	7
2315	3
2316	5
2317	1
2318	1
2319	3
2320	5
2321	7
2322	2
2323	7
2324	7
2325	5
2326	3
2327	1
2328	5
2329	7
2330	0
2331	3
2332	4
2333	4
2334	4
2335	7
2336	5
2337	0
2338	2
2339	5
2340	0
2341	5
2342	2
2343	6
2344	6
2345	0
2346	1
2347	6
2348	4
2349	4
2350	0
2351	1
2352	3
2353	1
2354	5
2355	2
2356	0
2357	0
2358	4
2359	1
2360	0
2361	0
2362	1
2363	3
2364	5
2365	4
2366	4
2367	0
2368	0
2369	3
2370	4
2371	3
2372	5
2373	7
2374	7
2375	0
2376	4
2377	1
2378	1
2379	1
2380	4
2381	2
2382	3
2383	4
2384	5
2385	6
2386	6
2387	1
2388	3
2389	4
2390	2
2391	7
2392	0
2393	1
2394	3
2395	0
2396	7
2397	1
2398	0
2399	6
2400	6
2401	5
2402	0
2403	3
2404	6
2405	2
2406	1
2407	2
2408	6
2409	2
2410	5
2411	4
2412	0
2413	3
2414	6
2415	2
2416	7
2417	5
2418	7
2419	5
2420	3
2421	3
2422	5
2423	4
2424	5
2425	4
2426	0
2427	0
2428	3
2429	4
2430	1
2431	3
2432	7
2433	1
2434	7
2435	6
2436	2
2437	5
2438	6
2439	0
2440	7
2441	2
2442	3
2443	4
2444	7
2445	5
2446	1
2447	7
2448	1
2449	2
2450	5
2451	3
2452	0
2453	0
2454	1
2455	3
2456	4
2457	0
2458	1
2459	3
2460	7
2461	5
2462	5
2463	5
2464	1
2465	2
2466	6
2467	4
2468	7
2469	7
2470	5
2471	4
2472	4
2473	0
2474	1
2475	4
2476	3
2477	1
2478	6
2479	2
2480	7
2481	2
2482	1
2483	3
2484	4
2485	1
2486	2
2487	2
2488	5
2489	2
2490	1
2491	1
2492	1
2493	1
2494	6
2495	5
2496	0
2497	0
2498	5
2499	7
2500	3
2501	1
2502	5
2503	4
2504	5
2505	5
2506	0
2507	0
2508	2
2509	3
2510	1
2511	6
2512	3
2513	7
2514	5
2515	7
2516	1
2517	5
2518	0
2519	2
2520	2
2521	2
2522	6
2523	7
2524	2
2525	2
2526	6
2527	5
2528	5
2529	1
2530	0
2531	5
2532	5
2533	1
2534	3
2535	6
2536	0
2537	3
2538	3
2539	3
2540	4
2541	3
2542	6
2543	5
2544	2
2545	2
2546	5
2547	7
2548	1
2549	0
2550	4
2551	1
2552	3
2553	4
2554	1
2555	7
2556	7
2557	7
2558	4
2559	5
2560	3
2561	3
2562	0
2563	7
2564	0
2565	5
2566	1
2567	6
2568	5
2569	6
2570	2
2571	3
2572	3
2573	7
2574	7
2575	0
2576	5
2577	1
2578	4
2579	1
2580	4
2581	0
2582	0
2583	7
2584	4
2585	3
2586	6
2587	6
2588	5
2589	0
2590	6
2591	4
2592	5
2593	3
2594	2
2595	7
2596	5
2597	6
2598	7
2599	5
2600	5
2601	1
2602	1
2603	1
2604	6
2605	0
2606	5
2607	2
2608	1
2609	6
2610	1
2611	7
2612	5
2613	3
2614	7
2615	4
2616	5
2617	2
2618	0
2619	0
2620	1
2621	7
2622	3
2623	2
2624	6
2625	3
2626	4
2627	0
2628	0
2629	3
2630	7
2631	2
2632	3
2633	4
2634	5
2635	3
2636	7
2637	0
2638	7
2639	5
2640	5
2641	5
2642	5
2643	2
2644	0
2645	3
2646	0
2647	5
2648	4
2649	6
2650	5
2651	0
2652	2
2653	5
2654	1
2655	0
2656	0
2657	5
2658	6
2659	3
2660	5
2661	7
2662	5
2663	3
2664	6
2665	7
2666	1
2667	4
2668	0
2669	0
2670	4
2671	3
2672	0
2673	0
2674	4
2675	4
2676	5
2677	4
2678	1
2679	1
2680	0
2681	3
2682	4
2683	4
2684	1
2685	0
2686	2
2687	6
2688	5
2689	3
2690	5
2691	6
2692	1
2693	5
2694	5
2695	0
2696	4
2697	0
2698	1
2699	5
2700	1
2701	7
2702	2
2703	5
2704	3
2705	5
2706	7
2707	5
2708	1
2709	1
2710	4
2711	1
2712	4
2713	2
2714	2
2715	6
2716	7
2717	7
2718	0
2719	3
2720	7
2721	0
2722	4
2723	0
2724	7
2725	1
2726	3
2727	6
2728	0
2729	4
2730	5
2731	7
2732	0
2733	5
2734	1
2735	6
2736	1
2737	1
2738	7
2739	6
2740	5
2741	6
2742	3
2743	3
2744	4
2745	1
2746	1
2747	4
2748	6
2749	4
2750	6
2751	4
2752	3
2753	7
2754	0
2755	0
2756	5
2757	4
2758	7
2759	1
2760	0
2761	4
2762	2
2763	0
2764	1
2765	7
2766	1
2767	4
2768	5
2769	0
2770	7
2771	7
2772	4
2773	3
2774	4
2775	5
2776	7
2777	4
2778	6
2779	7
2780	0
2781	4
2782	4
2783	3
2784	6
2785	7
2786	0
2787	6
2788	0
2789	0
2790	5
2791	5
2792	4
2793	3
2794	0
2795	4
2796	2
2797	1
2798	1
2799	0
2800	5
2801	7
2802	4
2803	6
2804	5
2805	7
2806	0
2807	2
2808	5
2809	3
2810	6
2811	7
2812	3
2813	7
2814	1
2815	7
2816	6
2817	4
2818	1
2819	6
2820	4
2821	2
2822	6
2823	6
2824	4
2825	1
2826	5
2827	3
2828	3
2829	2
2830	3
2831	1
2832	6
2833	2
2834	7
2835	3
2836	1
2837	1
2838	3
2839	6
2840	2
2841	1
2842	0
2843	4
2844	1
2845	6
2846	7
2847	5
2848	0
2849	7
2850	4
2851	3
2852	7
2853	4
2854	4
2855	7
2856	4
2857	1
2858	4
2859	2
2860	0
2861	2
2862	5
2863	0
2864	4
2865	6
2866	6
2867	2
2868	0
2869	4
2870	3
2871	3
2872	5
2873	4
2874	4
2875	2
2876	4
2877	5
2878	0
2879	0
2880	3
2881	1
2882	0
2883	1
2884	0
2885	0
2886	7
2887	1
2888	7
2889	1
2890	6
2891	6
2892	3
2893	1
2894	4
2895	1
2896	5
2897	1
2898	1
2899	5
2900	4
2901	2
2902	0
2903	7
2904	3
2905	2
2906	6
2907	7
2908	0
2909	7
2910	0
2911	6
2912	3
2913	6
2914	2
2915	6
2916	6
2917	2
2918	3
2919	5
2920	4
2921	7
2922	0
2923	3
2924	3
2925	5
2926	3
2927	2
2928	6
2929	5
2930	5
2931	4
2932	2
2933	0
2934	3
2935	7
2936	2
2937	4
2938	7
2939	4
2940	2
2941	0
2942	6
2943	6
2944	5
2945	2
2946	5
2947	0
2948	6
2949	0
2950	1
2951	3
2952	4
2953	4
2954	5
2955	4
2956	7
2957	0
2958	7
2959	2
2960	2
2961	3
2962	1
2963	6
2964	2
2965	6
2966	7
2967	7
2968	0
2969	2
2970	3
2971	3
2972	1
2973	7
2974	0
2975	5
2976	7
2977	7
2978	7
2979	6
2980	3
2981	5
2982	1
2983	5
2984	0
2985	4
2986	7
2987	7
2988	7
2989	5
2990	1
2991	2
2992	1
2993	1
2994	4
2995	5
2996	4
2997	6
2998	5
2999	6
3000	1
3001	5
3002	0
3003	1
3004	6
3005	4
3006	1
3007	4
3008	5
3009	5
3010	6
3011	7
3012	0
3013	1
3014	7
3015	4
3016	3
3017	1
3018	0
3019	0
3020	5
3021	0
3022	6
3023	0
3024	2
3025	3
3026	1
3027	4
3028	7
3029	3
3030	6
3031	4
3032	5
3033	0
3034	0
3035	5
3036	6
3037	4
3038	7
3039	4
3040	0
3041	1
3042	5
3043	2
3044	4
3045	0
3046	0
3047	1
3048	3
3049	2
3050	6
3051	0
3052	1
3053	0
3054	4
3055	3
3056	3
3057	3
3058	6
3059	7
3060	0
3061	2
3062	2
3063	6
3064	3
3065	3
3066	5
3067	7
3068	1
3069	7
3070	4
3071	6
3072	6
3073	0
3074	4
3075	1
3076	3
3077	1
3078	6
3079	5
3080	6
3081	4
3082	5
3083	0
3084	3
3085	6
3086	3
3087	4
3088	2
3089	1
3090	1
3091	1
3092	0
3093	6
3094	0
3095	5
3096	0
3097	4
3098	7
3099	5
3100	3
3101	7
3102	2
3103	1
3104	7
3105	1
3106	5
3107	2
3108	7
3109	3
3110	5
3111	5
3112	3
3113	0
3114	7
3115	0
3116	5
3117	7
3118	5
3119	3
3120	6
3121	6
3122	2
3123	5
3124	5
3125	6
3126	2
3127	3
3128	7
3129	7
3130	3
3131	6
3132	2
3133	6
3134	1
3135	4
3136	2
3137	6
3138	0
3139	0
3140	5
3141	5
3142	1
3143	7
3144	4
3145	5
3146	7
3147	1
3148	7
3149	1
3150	0
3151	1
3152	2
3153	6
3154	5
3155	7
3156	2
3157	0
3158	5
3159	1
3160	1
3161	5
3162	4
3163	4
3164	0
3165	2
3166	1
3167	7
3168	0
3169	5
3170	4
3171	2
3172	0
3173	4
3174	5
3175	3
3176	2
3177	3
3178	0
3179	7
3180	4
3181	1
3182	4
3183	4
3184	0
3185	0
3186	3
3187	4
3188	5
3189	7
3190	0
3191	7
3192	6
3193	4
3194	0
3195	2
3196	7
3197	1
3198	1
3199	6
3200	0
3201	1
3202	7
3203	1
3204	3
3205	5
3206	7
3207	4
3208	5
3209	3
3210	7
3211	2
3212	3
3213	7
3214	7
3215	5
3216	2
3217	0
3218	2
3219	1
3220	0
3221	5
3222	3
3223	4
3224	6
3225	6
3226	3
3227	6
3228	7
3229	4
3230	1
3231	7
3232	5
3233	5
3234	5
3235	7
3236	7
3237	2
3238	7
3239	7
3240	7
3241	4
3242	3
3243	2
3244	2
3245	1
3246	6
3247	5
3248	1
3249	4
3250	4
3251	5
3252	0
3253	7
3254	6
3255	3
3256	3
3257	6
3258	3
3259	1
3260	6
3261	3
3262	3
3263	0
3264	2
3265	4
3266	3
3267	6
3268	4
3269	6
3270	7
3271	0
3272	0
3273	7
3274	7
3275	5
3276	6
3277	3
3278	0
3279	3
3280	1
3281	0
3282	3
3283	2
3284	4
3285	2
3286	0
3287	6
3288	2
3289	7
3290	7
3291	7
3292	7
3293	4
3294	0
3295	5
3296	7
3297	3
3298	2
3299	0
3300	4
3301	3
3302	7
3303	3
3304	3
3305	7
3306	4
3307	4
3308	3
3309	1
3310	6
3311	6
3312	5
3313	6
3314	1
3315	6
3316	5
3317	1
3318	4
3319	6
3320	7
3321	4
3322	1
3323	4
3324	4
3325	5
3326	7
3327	0
3328	4
3329	7
3330	3
3331	0
3332	0
3333	0
3334	1
3335	2
3336	7
3337	1
3338	0
3339	1
3340	1
3341	4
3342	7
3343	4
3344	3
3345	3
3346	5
3347	1
3348	5
3349	3
3350	1
3351	4
3352	2
3353	2
3354	5
3355	3
3356	3
3357	3
3358	1
3359	0
3360	0
3361	5
3362	7
3363	7
3364	1
3365	0
3366	1
3367	7
3368	6
3369	0
3370	6
3371	5
3372	7
3373	7
3374	4
3375	1
3376	2
3377	7
3378	1
3379	3
3380	6
3381	0
3382	4
3383	5
3384	5
3385	5
3386	5
3387	1
3388	5
3389	2
3390	4
3391	5
3392	1
3393	5
3394	0
3395	3
3396	5
3397	5
3398	5
3399	1
3400	1
3401	4
3402	7
3403	1
3404	3
3405	1
3406	4
3407	3
3408	2
3409	7
3410	7
3411	6
3412	5
3413	6
3414	2
3415	4
3416	5
3417	3
3418	0
3419	5
3420	0
3421	7
3422	5
3423	5
3424	4
3425	0
3426	6
3427	7
3428	1
3429	7
3430	1
3431	2
3432	2
3433	3
3434	1
3435	3
3436	7
3437	0
3438	7
3439	4
3440	1
3441	1
3442	5
3443	1
3444	0
3445	7
3446	4
3447	6
3448	3
3449	0
3450	3
3451	3
3452	4
3453	4
3454	1
3455	6
3456	4
3457	1
3458	4
3459	0
3460	0
3461	4
3462	7
3463	0
3464	7
3465	7
3466	5
3467	0
3468	6
3469	6
3470	3
3471	6
3472	6
3473	5
3474	7
3475	2
3476	1
3477	0
3478	1
3479	7
3480	3
3481	1
3482	4
3483	3
3484	3
3485	2
3486	2
3487	6
3488	1
3489	6
3490	4
3491	2
3492	2
3493	3
3494	1
3495	3
3496	4
3497	4
3498	5
3499	6
3500	5
3501	5
3502	1
3503	5
3504	6
3505	5
3506	0
3507	7
3508	5
3509	1
3510	1
3511	0
3512	6
3513	7
3514	3
3515	4
3516	3
3517	1
3518	7
3519	7
3520	5
3521	1
3522	1
3523	3
3524	2
3525	4
3526	3
3527	1
3528	6
3529	6
3530	1
3531	6
3532	6
3533	4
3534	0
3535	3
3536	5
3537	0
3538	7
3539	6
3540	7
3541	7
3542	1
3543	4
3544	2
3545	7
3546	6
3547	5
3548	7
3549	2
3550	0
3551	0
3552	6
3553	3
3554	0
3555	2
3556	0
3557	1
3558	5
3559	4
3560	2
3561	1
3562	6
3563	4
3564	0
3565	5
3566	5
3567	2
3568	0
3569	6
3570	0
3571	6
3572	7
3573	3
3574	5
3575	0
3576	5
3577	0
3578	0
3579	0
3580	5
3581	1
3582	5
3583	6
3584	4
3585	0
3586	6
3587	0
3588	5
3589	4
3590	3
3591	4
3592	6
3593	6
3594	2
3595	2
3596	6
3597	1
3598	1
3599	5
3600	1
3601	0
3602	5
3603	5
3604	2
3605	5
3606	5
3607	3
3608	6
3609	0
3610	7
3611	7
3612	5
3613	6
3614	7
3615	7
3616	1
3617	0
3618	5
3619	5
3620	6
3621	4
3622	3
3623	3
3624	3
3625	0
3626	4
3627	3
3628	5
3629	0
3630	1
3631	6
3632	1
3633	6
3634	5
3635	0
3636	0
3637	5
3638	5
3639	2
3640	3
3641	5
3642	6
3643	0
3644	4
3645	4
3646	4
3647	4
3648	1
3649	6
3650	3
3651	0
3652	1
3653	7
3654	5
3655	4
3656	2
3657	4
3658	5
3659	4
3660	2
3661	2
3662	7
3663	3
3664	0
3665	4
3666	0
3667	3
3668	6
3669	1
3670	6
3671	5
3672	1
3673	4
3674	1
3675	6
3676	2
3677	7
3678	5
3679	7
3680	4
3681	6
3682	4
3683	5
3684	7
3685	5
3686	2
3687	6
3688	4
3689	5
3690	3
3691	1
3692	5
3693	0
3694	3
3695	6
3696	7
3697	0
3698	0
3699	5
3700	3
3701	7
3702	7
3703	5
3704	6
3705	1
3706	5
3707	0
3708	2
3709	6
3710	6
3711	0
3712	1
3713	7
3714	7
3715	4
3716	5
3717	3
3718	5
3719	7
3720	1
3721	4
3722	3
3723	6
3724	5
3725	3
3726	3
3727	7
3728	5
3729	1
3730	2
3731	2
3732	0
3733	4
3734	4
3735	1
3736	5
3737	1
3738	2
3739	1
3740	5
3741	7
3742	1
3743	3
3744	5
3745	4
3746	0
3747	1
3748	1
3749	7
3750	7
3751	5
3752	1
3753	7
3754	1
3755	1
3756	2
3757	2
3758	6
3759	7
3760	0
3761	4
3762	5
3763	0
3764	5
3765	0
3766	5
3767	1
3768	6
3769	4
3770	0
3771	4
3772	7
3773	7
3774	5
3775	4
3776	0
3777	3
3778	5
3779	0
3780	1
3781	2
3782	0
3783	7
3784	5
3785	7
3786	5
3787	7
3788	3
3789	4
3790	4
3791	0
3792	7
3793	2
3794	4
3795	5
3796	7
3797	6
3798	1
3799	4
3800	4
3801	2
3802	1
3803	5
3804	5
3805	3
3806	2
3807	6
3808	2
3809	5
3810	1
3811	4
3812	2
3813	0
3814	5
3815	5
3816	4
3817	5
3818	4
3819	2
3820	6
3821	3
3822	3
3823	5
3824	0
3825	5
3826	6
3827	1
3828	2
3829	3
3830	1
3831	4
3832	7
3833	4
3834	2
3835	0
3836	1
3837	1
3838	3
3839	6
3840	4
3841	0
3842	5
3843	4
3844	7
3845	5
3846	1
3847	1
3848	4
3849	4
3850	7
3851	1
3852	5
3853	0
3854	0
3855	5
3856	2
3857	2
3858	0
3859	6
3860	3
3861	2
3862	0
3863	5
3864	1
3865	5
3866	5
3867	2
3868	1
3869	3
3870	4
3871	5
3872	0
3873	2
3874	1
3875	2
3876	4
3877	7
3878	3
3879	7
3880	6
3881	1
3882	0
3883	0
3884	1
3885	1
3886	6
3887	2
3888	4
3889	3
3890	5
3891	3
3892	4
3893	5
3894	4
3895	6
3896	4
3897	3
3898	5
3899	6
3900	7
3901	7
3902	0
3903	4
3904	1
3905	0
3906	4
3907	5
3908	2
3909	6
3910	7
3911	6
3912	5
3913	2
3914	7
3915	7
3916	1
3917	2
3918	5
3919	3
3920	7
3921	5
3922	1
3923	1
3924	0
3925	5
3926	4
3927	3
3928	7
3929	0
3930	0
3931	4
3932	3
3933	4
3934	6
3935	5
3936	3
3937	2
3938	0
3939	6
3940	2
3941	0
3942	5
3943	1
3944	7
3945	4
3946	0
3947	2
3948	1
3949	0
3950	1
3951	1
3952	2
3953	3
3954	7
3955	0
3956	6
3957	3
3958	1
3959	1
3960	5
3961	5
3962	3
3963	3
3964	5
3965	6
3966	2
3967	3
3968	7
3969	5
3970	6
3971	7
3972	7
3973	5
3974	1
3975	1
3976	7
3977	4
3978	7
3979	3
3980	6
3981	3
3982	4
3983	2
3984	3
3985	1
3986	6
3987	5
3988	4
3989	4
3990	7
3991	3
3992	0
3993	0
3994	3
3995	0
3996	4
3997	4
3998	7
3999	6
4000	0
4001	0
4002	5
4003	5
4004	4
4005	5
4006	5
4007	5
4008	6
4009	6
4010	2
4011	0
4012	3
4013	1
4014	0
4015	7
4016	6
4017	1
4018	6
4019	5
4020	1
4021	1
4022	7
4023	3
4024	1
4025	7
4026	6
4027	3
4028	1
4029	5
4030	5
4031	0
4032	7
4033	4
4034	3
4035	5
4036	0
4037	6
4038	7
4039	0
4040	6
4041	5
4042	3
4043	3
4044	1
4045	3
4046	3
4047	3
4048	6
4049	0
4050	2
4051	2
4052	7
4053	5
4054	7
4055	6
4056	3
4057	1
4058	1
4059	5
4060	1
4061	6
4062	1
4063	4
4064	5
4065	0
4066	5
4067	7
4068	2
4069	7
4070	1
4071	0
4072	3
4073	2
4074	3
4075	1
4076	3
4077	5
4078	3
4079	3
4080	7
4081	1
4082	2
4083	1
4084	0
4085	0
4086	7
4087	1
4088	3
4089	4
4090	3
4091	0
4092	6
4093	1
4094	1
4095	1
4096	5
4097	3
4098	5
4099	0
4100	7
4101	2
4102	2
4103	6
4104	2
4105	1
4106	5
4107	5
4108	1
4109	2
4110	0
4111	3
4112	3
4113	2
4114	4
4115	6
4116	1
4117	0
4118	2
4119	2
4120	1
4121	6
4122	0
4123	4
4124	1
4125	0
4126	0
4127	2
4128	3
4129	3
4130	5
4131	7
4132	4
4133	0
4134	5
4135	5
4136	7
4137	6
4138	3
4139	5
4140	5
4141	5
4142	3
4143	4
4144	6
4145	0
4146	2
4147	2
4148	7
4149	2
4150	0
4151	2
4152	2
4153	2
4154	1
4155	0
4156	7
4157	6
4158	1
4159	7
4160	5
4161	5
4162	4
4163	5
4164	5
4165	4
4166	7
4167	5
4168	5
4169	7
4170	6
4171	3
4172	7
4173	0
4174	7
4175	0
4176	5
4177	3
4178	0
4179	6
4180	1
4181	0
4182	0
4183	0
4184	4
4185	5
4186	2
4187	6
4188	3
4189	0
4190	7
4191	5
4192	6
4193	7
4194	6
4195	3
4196	5
4197	6
4198	6
4199	0
4200	5
4201	3
4202	2
4203	3
4204	1
4205	3
4206	1
4207	1
4208	7
4209	3
4210	5
4211	5
4212	1
4213	7
4214	5
4215	1
4216	0
4217	5
4218	1
4219	2
4220	3
4221	6
4222	7
4223	0
4224	0
4225	3
4226	0
4227	2
4228	3
4229	3
4230	3
4231	7
4232	7
4233	4
4234	0
4235	5
4236	5
4237	0
4238	1
4239	6
4240	2
4241	4
4242	6
4243	0
4244	6
4245	5
4246	6
4247	1
4248	1
4249	6
4250	5
4251	2
4252	1
4253	7
4254	4
4255	2
4256	1
4257	1
4258	5
4259	7
4260	0
4261	5
4262	3
4263	1
4264	5
4265	7
4266	4
4267	2
4268	6
4269	5
4270	1
4271	0
4272	3
4273	1
4274	1
4275	3
4276	5
4277	1
4278	3
4279	4
4280	0
4281	4
4282	1
4283	5
4284	0
4285	5
4286	1
4287	4
4288	3
4289	7
4290	5
4291	6
4292	4
4293	4
4294	1
4295	0
4296	6
4297	2
4298	1
4299	1
4300	4
4301	7
4302	5
4303	5
4304	0
4305	5
4306	2
4307	3
4308	1
4309	2
4310	3
4311	4
4312	0
4313	4
4314	1
4315	1
4316	3
4317	7
4318	6
4319	6
4320	5
4321	4
4322	5
4323	0
4324	0
4325	0
4326	1
4327	1
4328	7
4329	6
4330	6
4331	2
4332	4
4333	3
4334	3
4335	5
4336	4
4337	5
4338	4
4339	2
4340	5
4341	2
4342	6
4343	3
4344	0
4345	6
4346	7
4347	6
4348	4
4349	7
4350	2
4351	4
4352	7
4353	4
4354	4
4355	2
4356	3
4357	3
4358	7
4359	1
4360	5
4361	5
4362	4
4363	6
4364	4
4365	3
4366	1
4367	2
4368	3
4369	0
4370	7
4371	4
4372	3
4373	5
4374	7
4375	0
4376	5
4377	7
4378	6
4379	0
4380	0
4381	3
4382	7
4383	0
4384	5
4385	6
4386	7
4387	7
4388	5
4389	1
4390	5
4391	1
4392	0
4393	7
4394	7
4395	6
4396	0
4397	2
4398	5
4399	0
4400	0
4401	1
4402	2
4403	6
4404	1
4405	1
4406	6
4407	7
4408	6
4409	4
4410	4
4411	5
4412	2
4413	5
4414	7
4415	7
4416	4
4417	3
4418	2
4419	5
4420	5
4421	4
4422	4
4423	4
4424	0
4425	4
4426	2
4427	6
4428	1
4429	7
4430	4
4431	3
4432	1
4433	3
4434	1
4435	6
4436	6
4437	5
4438	6
4439	5
4440	4
4441	5
4442	7
4443	4
4444	4
4445	6
4446	0
4447	5
4448	7
4449	5
4450	2
4451	0
4452	4
4453	5
4454	5
4455	7
4456	6
4457	7
4458	1
4459	0
4460	5
4461	7
4462	7
4463	4
4464	4
4465	2
4466	2
4467	2
4468	5
4469	4
4470	5
4471	6
4472	0
4473	3
4474	7
4475	4
4476	4
4477	6
4478	2
4479	0
4480	1
4481	0
4482	2
4483	6
4484	7
4485	4
4486	1
4487	2
4488	0
4489	7
4490	1
4491	5
4492	7
4493	4
4494	5
4495	6
4496	4
4497	6
4498	0
4499	7
4500	6
4501	3
4502	1
4503	1
4504	1
4505	3
4506	4
4507	3
4508	0
4509	3
4510	1
4511	2
4512	5
4513	0
4514	1
4515	4
4516	0
4517	7
4518	7
4519	6
4520	3
4521	1
4522	4
4523	0
4524	6
4525	4
4526	4
4527	3
4528	5
4529	3
4530	7
4531	6
4532	7
4533	2
4534	6
4535	2
4536	1
4537	3
4538	4
4539	1
4540	0
4541	7
4542	2
4543	7
4544	2
4545	6
4546	3
4547	1
4548	1
4549	7
4550	0
4551	3
4552	5
4553	3
4554	0
4555	6
4556	3
4557	4
4558	3
4559	0
4560	4
4561	2
4562	0
4563	5
4564	2
4565	5
4566	3
4567	3
4568	7
4569	6
4570	6
4571	4
4572	4
4573	3
4574	1
4575	7
4576	0
4577	7
4578	7
4579	0
4580	4
4581	6
4582	7
4583	3
4584	7
4585	6
4586	6
4587	7
4588	4
4589	5
4590	5
4591	5
4592	7
4593	0
4594	7
4595	2
4596	3
4597	5
4598	0
4599	1
4600	6
4601	0
4602	4
4603	3
4604	5
4605	7
4606	3
4607	3
4608	0
4609	2
4610	4
4611	1
4612	4
4613	4
4614	1
4615	4
4616	4
4617	7
4618	7
4619	3
4620	5
4621	6
4622	2
4623	0
4624	6
4625	5
4626	3
4627	6
4628	3
4629	5
4630	4
4631	3
4632	0
4633	1
4634	0
4635	3
4636	4
4637	3
4638	1
4639	7
4640	6
4641	0
4642	1
4643	7
4644	1
4645	2
4646	7
4647	0
4648	7
4649	5
4650	5
4651	4
4652	0
4653	0
4654	6
4655	4
4656	7
4657	5
4658	7
4659	2
4660	2
4661	6
4662	5
4663	3
4664	5
4665	6
4666	0
4667	6
4668	0
4669	6
4670	5
4671	6
4672	5
4673	7
4674	4
4675	3
4676	3
4677	7
4678	4
4679	6
4680	0
4681	1
4682	6
4683	2
4684	1
4685	1
4686	7
4687	0
4688	7
4689	6
4690	5
4691	2
4692	0
4693	1
4694	1
4695	0
4696	3
4697	1
4698	7
4699	3
4700	4
4701	6
4702	6
4703	4
4704	1
4705	1
4706	1
4707	0
4708	2
4709	6
4710	6
4711	3
4712	0
4713	2
4714	1
4715	0
4716	4
4717	2
4718	7
4719	7
4720	7
4721	2
4722	5
4723	6
4724	5
4725	1
4726	5
4727	0
4728	3
4729	0
4730	0
4731	4
4732	4
4733	0
4734	4
4735	6
4736	7
4737	7
4738	4
4739	2
4740	2
4741	3
4742	4
4743	2
4744	1
4745	1
4746	4
4747	4
4748	3
4749	5
4750	5
4751	5
4752	2
4753	4
4754	6
4755	6
4756	0
4757	2
4758	4
4759	2
4760	7
4761	2
4762	1
4763	1
4764	4
4765	1
4766	7
4767	4
4768	6
4769	7
4770	1
4771	2
4772	4
4773	1
4774	1
4775	4
4776	5
4777	5
4778	0
4779	7
4780	5
4781	5
4782	1
4783	6
4784	0
4785	6
4786	0
4787	1
4788	5
4789	5
4790	7
4791	6
4792	5
4793	6
4794	0
4795	5
4796	0
4797	5
4798	1
4799	5
4800	5
4801	6
4802	1
4803	7
4804	4
4805	1
4806	5
4807	1
4808	4
4809	0
4810	3
4811	5
4812	1
4813	0
4814	5
4815	2
4816	5
4817	7
4818	4
4819	0
4820	6
4821	5
4822	3
4823	2
4824	2
4825	7
4826	7
4827	0
4828	4
4829	5
4830	6
4831	2
4832	5
4833	7
4834	3
4835	1
4836	1
4837	4
4838	0
4839	0
4840	2
4841	4
4842	1
4843	1
4844	7
4845	7
4846	4
4847	6
4848	1
4849	4
4850	1
4851	1
4852	0
4853	1
4854	2
4855	3
4856	3
4857	0
4858	4
4859	4
4860	4
4861	4
4862	1
4863	4
4864	4
4865	4
4866	3
4867	5
4868	5
4869	7
4870	1
4871	1
4872	4
4873	4
4874	2
4875	4
4876	1
4877	1
4878	7
4879	2
4880	2
4881	2
4882	5
4883	5
4884	5
4885	7
4886	6
4887	1
4888	1
4889	3
4890	3
4891	0
4892	5
4893	5
4894	0
4895	6
4896	3
4897	7
4898	5
4899	6
4900	0
4901	7
4902	6
4903	0
4904	0
4905	2
4906	4
4907	4
4908	1
4909	1
4910	1
4911	1
4912	0
4913	0
4914	5
4915	5
4916	4
4917	1
4918	6
4919	0
4920	1
4921	7
4922	1
4923	6
4924	3
4925	1
4926	3
4927	3
4928	5
4929	0
4930	5
4931	4
4932	4
4933	5
4934	6
4935	2
4936	5
4937	0
4938	7
4939	5
4940	0
4941	1
4942	7
4943	5
4944	3
4945	4
4946	4
4947	4
4948	7
4949	0
4950	0
4951	5
4952	3
4953	0
4954	5
4955	7
4956	7
4957	7
4958	3
4959	5
4960	7
4961	3
4962	4
4963	2
4964	3
4965	3
4966	7
4967	5
4968	4
4969	5
4970	4
4971	0
4972	4
4973	3
4974	7
4975	7
4976	4
4977	7
4978	3
4979	4
4980	7
4981	7
4982	7
4983	4
4984	1
4985	3
4986	1
4987	0
4988	7
4989	5
4990	0
4991	0
4992	6
4993	6
4994	3
4995	5
4996	5
4997	7
4998	5
4999	4
5000	1
5001	0
5002	5
5003	1
5004	3
5005	0
5006	6
5007	2
5008	7
5009	5
5010	7
5011	1
5012	1
5013	7
5014	0
5015	7
5016	2
5017	5
5018	3
5019	0
5020	7
5021	3
5022	7
5023	2
5024	4
5025	1
5026	3
5027	5
5028	3
5029	6
5030	5
5031	6
5032	5
5033	5
5034	1
5035	5
5036	5
5037	5
5038	5
5039	0
5040	1
5041	1
5042	2
5043	7
5044	5
5045	2
5046	7
5047	1
5048	1
5049	3
5050	6
5051	5
5052	4
5053	1
5054	2
5055	3
5056	1
5057	6
5058	0
5059	3
5060	7
5061	1
5062	2
5063	3
5064	0
5065	3
5066	3
5067	2
5068	5
5069	4
5070	5
5071	0
5072	4
5073	3
5074	1
5075	2
5076	5
5077	0
5078	3
5079	0
5080	7
5081	0
5082	7
5083	7
5084	7
5085	4
5086	0
5087	1
5088	7
5089	0
5090	3
5091	4
5092	3
5093	5
5094	6
5095	2
5096	1
5097	5
5098	5
5099	1
5100	0
5101	7
5102	6
5103	1
5104	5
5105	4
5106	5
5107	1
5108	5
5109	4
5110	3
5111	4
5112	0
5113	2
5114	7
5115	7
5116	4
5117	4
5118	3
5119	6
5120	7
5121	7
5122	5
5123	1
5124	6
5125	0
5126	1
5127	6
5128	5
5129	2
5130	5
5131	6
5132	7
5133	0
5134	2
5135	4
5136	1
5137	7
5138	2
5139	5
5140	5
5141	3
5142	7
5143	2
5144	7
5145	1
5146	6
5147	1
5148	4
5149	5
5150	1
5151	1
5152	0
5153	5
5154	4
5155	0
5156	1
5157	7
5158	2
5159	7
5160	5
5161	4
5162	4
5163	3
5164	3
5165	5
5166	5
5167	2
5168	0
5169	3
5170	5
5171	7
5172	3
5173	0
5174	2
5175	3
5176	4
5177	3
5178	1
5179	0
5180	1
5181	6
5182	2
5183	2
5184	2
5185	5
5186	2
5187	3
5188	3
5189	5
5190	6
5191	5
5192	7
5193	2
5194	2
5195	0
5196	7
5197	6
5198	6
5199	1
5200	3
5201	3
5202	5
5203	1
5204	1
5205	5
5206	7
5207	1
5208	2
5209	6
5210	5
5211	4
5212	4
5213	4
5214	7
5215	5
5216	4
5217	5
5218	5
5219	6
5220	7
5221	6
5222	0
5223	3
5224	2
5225	5
5226	4
5227	1
5228	4
5229	5
5230	4
5231	0
5232	7
5233	2
5234	1
5235	3
5236	6
5237	5
5238	6
5239	5
5240	4
5241	1
5242	5
5243	0
5244	1
5245	2
5246	5
5247	1
5248	5
5249	0
5250	7
5251	1
5252	1
5253	1
5254	5
5255	3
5256	7
5257	5
5258	1
5259	7
5260	0
5261	1
5262	4
5263	4
5264	3
5265	3
5266	3
5267	3
5268	0
5269	1
5270	3
5271	7
5272	0
5273	1
5274	6
5275	6
5276	7
5277	6
5278	3
5279	4
5280	6
5281	5
5282	7
5283	1
5284	4
5285	3
5286	0
5287	7
5288	1
5289	4
5290	4
5291	0
5292	7
5293	5
5294	4
5295	6
5296	4
5297	0
5298	0
5299	6
5300	7
5301	0
5302	2
5303	6
5304	3
5305	5
5306	4
5307	6
5308	0
5309	7
5310	7
5311	4
5312	0
5313	5
5314	7
5315	0
5316	1
5317	3
5318	5
5319	7
5320	0
5321	2
5322	6
5323	1
5324	0
5325	3
5326	1
5327	1
5328	0
5329	0
5330	6
5331	1
5332	4
5333	1
5334	7
5335	5
5336	7
5337	2
5338	2
5339	6
5340	5
5341	0
5342	3
5343	3
5344	0
5345	0
5346	1
5347	7
5348	6
5349	5
5350	0
5351	7
5352	6
5353	6
5354	6
5355	3
5356	7
5357	0
5358	4
5359	2
5360	2
5361	4
5362	3
5363	2
5364	6
5365	4
5366	4
5367	5
5368	5
5369	6
5370	6
5371	0
5372	7
5373	5
5374	5
5375	4
5376	1
5377	5
5378	4
5379	4
5380	2
5381	5
5382	3
5383	6
5384	5
5385	5
5386	3
5387	6
5388	3
5389	5
5390	0
5391	0
5392	2
5393	5
5394	2
5395	5
5396	4
5397	4
5398	0
5399	3
5400	0
5401	3
5402	7
5403	5
5404	3
5405	5
5406	5
5407	5
5408	0
5409	6
5410	4
5411	7
5412	3
5413	6
5414	6
5415	3
5416	1
5417	4
5418	2
5419	5
5420	6
5421	1
5422	2
5423	0
5424	0
5425	3
5426	1
5427	0
5428	2
5429	5
5430	1
5431	3
5432	1
5433	1
5434	7
5435	0
5436	5
5437	5
5438	6
5439	1
5440	0
5441	6
5442	4
5443	7
5444	7
5445	4
5446	0
5447	5
5448	7
5449	7
5450	5
5451	2
5452	4
5453	6
5454	5
5455	0
5456	7
5457	5
5458	2
5459	1
5460	1
5461	1
5462	4
5463	1
5464	3
5465	3
5466	4
5467	2
5468	6
5469	0
5470	0
5471	0
5472	5
5473	3
5474	3
5475	7
5476	7
5477	2
5478	0
5479	6
5480	2
5481	3
5482	2
5483	7
5484	5
5485	4
5486	1
5487	5
5488	3
5489	4
5490	3
5491	5
5492	0
5493	2
5494	0
5495	6
5496	2
5497	6
5498	5
5499	7
5500	5
5501	3
5502	7
5503	4
5504	0
5505	1
5506	4
5507	3
5508	6
5509	7
5510	5
5511	4
5512	4
5513	4
5514	0
5515	3
5516	2
5517	7
5518	6
5519	1
5520	0
5521	0
5522	5
5523	2
5524	6
5525	4
5526	6
5527	1
5528	5
5529	7
5530	1
5531	5
5532	4
5533	4
5534	2
5535	6
5536	0
5537	7
5538	7
5539	7
5540	5
5541	0
5542	1
5543	2
5544	0
5545	3
5546	0
5547	1
5548	1
5549	2
5550	4
5551	4
5552	1
5553	0
5554	5
5555	2
5556	4
5557	5
5558	7
5559	5
5560	4
5561	3
5562	3
5563	6
5564	3
5565	4
5566	6
5567	7
5568	7
5569	7
5570	5
5571	7
5572	2
5573	2
5574	6
5575	7
5576	0
5577	2
5578	1
5579	4
5580	1
5581	3
5582	6
5583	6
5584	0
5585	5
5586	3
5587	5
5588	4
5589	7
5590	7
5591	0
5592	6
5593	0
5594	6
5595	1
5596	2
5597	5
5598	7
5599	3
5600	4
5601	0
5602	2
5603	6
5604	6
5605	5
5606	7
5607	3
5608	5
5609	1
5610	4
5611	1
5612	3
5613	1
5614	3
5615	3
5616	6
5617	1
5618	1
5619	7
5620	6
5621	3
5622	2
5623	4
5624	1
5625	5
5626	0
5627	3
5628	3
5629	3
5630	2
5631	7
5632	1
5633	4
5634	4
5635	2
5636	0
5637	1
5638	0
5639	0
5640	0
5641	3
5642	3
5643	2
5644	7
5645	7
5646	7
5647	0
5648	3
5649	5
5650	6
5651	5
5652	0
5653	6
5654	0
5655	0
5656	1
5657	1
5658	5
5659	7
5660	5
5661	3
5662	7
5663	1
5664	7
5665	7
5666	4
5667	0
5668	0
5669	3
5670	4
5671	6
5672	4
5673	3
5674	4
5675	7
5676	2
5677	4
5678	0
5679	7
5680	1
5681	4
5682	6
5683	4
5684	1
5685	4
5686	5
5687	6
5688	5
5689	7
5690	4
5691	6
5692	3
5693	5
5694	7
5695	7
5696	2
5697	1
5698	1
5699	2
5700	3
5701	3
5702	5
5703	0
5704	1
5705	1
5706	1
5707	7
5708	6
5709	2
5710	0
5711	0
5712	6
5713	6
5714	5
5715	1
5716	4
5717	7
5718	3
5719	1
5720	7
5721	4
5722	4
5723	6
5724	6
5725	3
5726	0
5727	6
5728	3
5729	4
5730	3
5731	7
5732	1
5733	5
5734	2
5735	0
5736	7
5737	6
5738	6
5739	7
5740	6
5741	6
5742	7
5743	2
5744	7
5745	7
5746	0
5747	7
5748	5
5749	3
5750	7
5751	6
5752	3
5753	0
5754	5
5755	7
5756	0
5757	5
5758	7
5759	1
5760	5
5761	5
5762	6
5763	0
5764	6
5765	0
5766	7
5767	4
5768	1
5769	1
5770	4
5771	2
5772	5
5773	0
5774	5
5775	3
5776	3
5777	4
5778	5
5779	1
5780	1
5781	5
5782	1
5783	2
5784	0
5785	0
5786	3
5787	0
5788	2
5789	1
5790	2
5791	1
5792	1
5793	6
5794	6
5795	1
5796	7
5797	6
5798	4
5799	7
5800	6
5801	5
5802	5
5803	0
5804	5
5805	3
5806	6
5807	0
5808	0
5809	7
5810	1
5811	2
5812	7
5813	4
5814	4
5815	6
5816	1
5817	4
5818	0
5819	0
5820	7
5821	5
5822	4
5823	2
5824	7
5825	3
5826	4
5827	5
5828	3
5829	4
5830	4
5831	1
5832	2
5833	7
5834	0
5835	2
5836	1
5837	1
5838	3
5839	7
5840	1
5841	7
5842	6
5843	1
5844	1
5845	4
5846	6
5847	2
5848	7
5849	6
5850	0
5851	0
5852	6
5853	5
5854	3
5855	0
5856	5
5857	4
5858	1
5859	5
5860	2
5861	5
5862	4
5863	7
5864	2
5865	1
5866	2
5867	5
5868	2
5869	4
5870	4
5871	4
5872	7
5873	4
5874	4
5875	0
5876	0
5877	3
5878	5
5879	5
5880	6
5881	4
5882	7
5883	1
5884	7
5885	1
5886	5
5887	5
5888	0
5889	5
5890	1
5891	5
5892	4
5893	5
5894	0
5895	3
5896	3
5897	2
5898	5
5899	3
5900	4
5901	2
5902	4
5903	6
5904	7
5905	0
5906	1
5907	5
5908	7
5909	1
5910	5
5911	1
5912	4
5913	6
5914	6
5915	5
5916	4
5917	1
5918	6
5919	1
5920	5
5921	3
5922	6
5923	3
5924	7
5925	6
5926	0
5927	1
5928	7
5929	3
5930	0
5931	2
5932	0
5933	4
5934	0
5935	4
5936	5
5937	5
5938	0
5939	3
5940	4
5941	0
5942	5
5943	1
5944	4
5945	5
5946	4
5947	7
5948	4
5949	1
5950	6
5951	6
5952	1
5953	5
5954	3
5955	3
5956	6
5957	0
5958	1
5959	7
5960	6
5961	5
5962	7
5963	2
5964	5
5965	0
5966	4
5967	4
5968	0
5969	4
5970	0
5971	0
5972	7
5973	5
5974	1
5975	4
5976	1
5977	4
5978	4
5979	2
5980	3
5981	3
5982	5
5983	1
5984	4
5985	1
5986	0
5987	7
5988	5
5989	4
5990	4
5991	6
5992	4
5993	0
5994	1
5995	0
5996	3
5997	6
5998	2
5999	1
6000	5
6001	4
6002	5
6003	2
6004	1
6005	3
6006	7
6007	7
6008	6
6009	2
6010	1
6011	6
6012	4
6013	3
6014	0
6015	3
6016	4
6017	5
6018	2
6019	4
6020	3
6021	1
6022	6
6023	1
6024	0
6025	7
6026	5
6027	3
6028	2
6029	5
6030	0
6031	6
6032	4
6033	7
6034	1
6035	1
6036	0
6037	4
6038	6
6039	5
6040	7
6041	0
6042	0
6043	1
6044	7
6045	4
6046	1
6047	7
6048	2
6049	0
6050	2
6051	0
6052	4
6053	5
6054	4
6055	7
6056	7
6057	5
6058	7
6059	1
6060	1
6061	7
6062	5
6063	3
6064	4
6065	5
6066	1
6067	1
6068	6
6069	7
6070	5
6071	6
6072	4
6073	0
6074	3
6075	4
6076	1
6077	2
6078	5
6079	4
6080	2
6081	6
6082	1
6083	4
6084	1
6085	2
6086	2
6087	5
6088	5
6089	7
6090	5
6091	7
6092	0
6093	1
6094	5
6095	4
6096	3
6097	3
6098	2
6099	0
6100	5
6101	5
6102	7
6103	2
6104	0
6105	7
6106	6
6107	7
6108	4
6109	2
6110	7
6111	2
6112	0
6113	4
6114	0
6115	5
6116	6
6117	0
6118	2
6119	6
6120	1
6121	2
6122	6
6123	5
6124	3
6125	0
6126	0
6127	4
6128	1
6129	3
6130	0
6131	7
6132	3
6133	6
6134	2
6135	7
6136	1
6137	0
6138	2
6139	6
6140	0
6141	7
6142	4
6143	4
6144	6
6145	6
6146	4
6147	4
6148	1
6149	5
6150	5
6151	7
6152	2
6153	3
6154	3
6155	4
6156	6
6157	7
6158	5
6159	2
6160	1
6161	7
6162	1
6163	7
6164	6
6165	5
6166	0
6167	6
6168	7
6169	1
6170	1
6171	0
6172	1
6173	0
6174	3
6175	1
6176	0
6177	3
6178	5
6179	0
6180	1
6181	0
6182	0
6183	7
6184	6
6185	3
6186	0
6187	4
6188	2
6189	1
6190	6
6191	6
6192	5
6193	0
6194	2
6195	3
6196	4
6197	6
6198	7
6199	4
6200	2
6201	6
6202	0
6203	0
6204	5
6205	7
6206	0
6207	5
6208	1
6209	3
6210	4
6211	3
6212	4
6213	1
6214	7
6215	1
6216	5
6217	3
6218	7
6219	5
6220	1
6221	6
6222	4
6223	0
6224	4
6225	1
6226	3
6227	4
6228	5
6229	5
6230	4
6231	0
6232	5
6233	6
6234	7
6235	4
6236	1
6237	1
6238	7
6239	6
6240	7
6241	5
6242	7
6243	6
6244	5
6245	3
6246	3
6247	1
6248	0
6249	6
6250	1
6251	5
6252	2
6253	4
6254	6
6255	4
6256	1
6257	5
6258	0
6259	6
6260	4
6261	4
6262	4
6263	0
6264	5
6265	1
6266	2
6267	0
6268	5
6269	1
6270	1
6271	1
6272	0
6273	0
6274	6
6275	0
6276	0
6277	6
6278	2
6279	3
6280	4
6281	0
6282	6
6283	4
6284	1
6285	5
6286	6
6287	1
6288	4
6289	3
6290	5
6291	4
6292	0
6293	7
6294	2
6295	2
6296	1
6297	3
6298	5
6299	5
6300	3
6301	3
6302	5
6303	6
6304	6
6305	6
6306	3
6307	7
6308	7
6309	2
6310	6
6311	3
6312	5
6313	2
6314	1
6315	2
6316	3
6317	4
6318	0
6319	4
6320	5
6321	6
6322	3
6323	4
6324	5
6325	3
6326	2
6327	3
6328	5
6329	6
6330	0
6331	1
6332	1
6333	3
6334	2
6335	4
6336	2
6337	5
6338	6
6339	0
6340	4
6341	5
6342	2
6343	3
6344	5
6345	2
6346	1
6347	4
6348	7
6349	3
6350	5
6351	0
6352	5
6353	4
6354	2
6355	7
6356	1
6357	5
6358	4
6359	2
6360	0
6361	2
6362	6
6363	0
6364	4
6365	4
6366	6
6367	3
6368	5
6369	7
6370	6
6371	3
6372	5
6373	6
6374	1
6375	6
6376	6
6377	2
6378	1
6379	6
6380	3
6381	3
6382	3
6383	4
6384	6
6385	3
6386	1
6387	3
6388	7
6389	2
6390	5
6391	0
6392	7
6393	5
6394	1
6395	4
6396	4
6397	0
6398	2
6399	1
6400	7
6401	1
6402	7
6403	3
6404	0
6405	0
6406	4
6407	2
6408	1
6409	6
6410	3
6411	2
6412	5
6413	3
6414	7
6415	4
6416	5
6417	7
6418	7
6419	0
6420	4
6421	6
6422	7
6423	2
6424	4
6425	4
6426	3
6427	3
6428	0
6429	5
6430	6
6431	6
6432	4
6433	1
6434	0
6435	2
6436	1
6437	3
6438	2
6439	4
6440	5
6441	7
6442	1
6443	4
6444	1
6445	7
6446	5
6447	5
6448	0
6449	6
6450	5
6451	0
6452	5
6453	5
6454	0
6455	7
6456	0
6457	6
6458	0
6459	0
6460	3
6461	2
6462	3
6463	3
6464	6
6465	1
6466	1
6467	5
6468	1
6469	3
6470	5
6471	2
6472	7
6473	2
6474	6
6475	1
6476	1
6477	0
6478	3
6479	4
6480	6
6481	5
6482	1
6483	4
6484	5
6485	4
6486	0
6487	0
6488	3
6489	5
6490	3
6491	5
6492	7
6493	7
6494	5
6495	4
6496	5
6497	7
6498	5
6499	5
6500	6
6501	4
6502	7
6503	7
6504	1
6505	3
6506	6
6507	7
6508	3
6509	0
6510	1
6511	7
6512	5
6513	2
6514	3
6515	0
6516	4
6517	4
6518	2
6519	0
6520	6
6521	6
6522	4
6523	1
6524	0
6525	0
6526	7
6527	2
6528	7
6529	4
6530	6
6531	7
6532	6
6533	7
6534	3
6535	4
6536	4
6537	3
6538	4
6539	7
6540	5
6541	7
6542	3
6543	7
6544	0
6545	2
6546	1
6547	1
6548	0
6549	7
6550	1
6551	3
6552	6
6553	7
6554	6
6555	4
6556	0
6557	7
6558	2
6559	4
6560	1
6561	5
6562	2
6563	5
6564	7
6565	3
6566	4
6567	0
6568	3
6569	3
6570	5
6571	3
6572	1
6573	6
6574	7
6575	7
6576	6
6577	6
6578	7
6579	0
6580	4
6581	4
6582	5
6583	5
6584	5
6585	0
6586	6
6587	3
6588	1
6589	7
6590	7
6591	4
6592	2
6593	0
6594	7
6595	3
6596	5
6597	1
6598	5
6599	0
6600	2
6601	3
6602	6
6603	3
6604	5
6605	1
6606	4
6607	5
6608	2
6609	2
6610	1
6611	7
6612	0
6613	6
6614	0
6615	0
6616	4
6617	5
6618	7
6619	3
6620	1
6621	1
6622	3
6623	0
6624	7
6625	5
6626	5
6627	5
6628	0
6629	1
6630	1
6631	1
6632	3
6633	5
6634	0
6635	5
6636	6
6637	1
6638	7
6639	5
6640	5
6641	0
6642	2
6643	3
6644	0
6645	1
6646	2
6647	7
6648	0
6649	0
6650	6
6651	7
6652	5
6653	5
6654	6
6655	6
6656	3
6657	7
6658	0
6659	7
6660	7
6661	4
6662	5
6663	3
6664	2
6665	4
6666	5
6667	0
6668	1
6669	1
6670	6
6671	4
6672	5
6673	6
6674	5
6675	0
6676	6
6677	2
6678	5
6679	3
6680	5
6681	3
6682	3
6683	2
6684	4
6685	2
6686	0
6687	5
6688	7
6689	5
6690	0
6691	5
6692	5
6693	7
6694	5
6695	0
6696	5
6697	7
6698	7
6699	0
6700	5
6701	7
6702	4
6703	5
6704	4
6705	1
6706	0
6707	5
6708	1
6709	1
6710	7
6711	1
6712	3
6713	7
6714	2
6715	4
6716	2
6717	7
6718	7
6719	3
6720	2
6721	7
6722	1
6723	0
6724	1
6725	7
6726	1
6727	4
6728	1
6729	6
6730	0
6731	1
6732	4
6733	4
6734	5
6735	5
6736	5
6737	0
6738	4
6739	2
6740	0
6741	1
6742	2
6743	6
6744	5
6745	6
6746	5
6747	6
6748	5
6749	3
6750	1
6751	6
6752	5
6753	4
6754	1
6755	4
6756	4
6757	2
6758	4
6759	1
6760	4
6761	0
6762	0
6763	2
6764	7
6765	2
6766	7
6767	5
6768	3
6769	7
6770	1
6771	5
6772	6
6773	4
6774	0
6775	4
6776	5
6777	1
6778	7
6779	6
6780	6
6781	4
6782	0
6783	0
6784	6
6785	5
6786	5
6787	1
6788	0
6789	6
6790	3
6791	6
6792	1
6793	7
6794	0
6795	4
6796	6
6797	0
6798	5
6799	5
6800	6
6801	6
6802	3
6803	0
6804	3
6805	0
6806	6
6807	5
6808	1
6809	4
6810	7
6811	6
6812	1
6813	0
6814	6
6815	3
6816	1
6817	5
6818	7
6819	7
6820	3
6821	1
6822	1
6823	5
6824	7
6825	5
6826	4
6827	7
6828	3
6829	7
6830	4
6831	5
6832	1
6833	0
6834	5
6835	5
6836	1
6837	1
6838	0
6839	1
6840	5
6841	2
6842	1
6843	4
6844	5
6845	5
6846	0
6847	5
6848	4
6849	7
6850	1
6851	5
6852	1
6853	3
6854	4
6855	7
6856	6
6857	5
6858	3
6859	7
6860	4
6861	6
6862	3
6863	5
6864	1
6865	1
6866	7
6867	0
6868	1
6869	1
6870	4
6871	7
6872	4
6873	7
6874	6
6875	0
6876	5
6877	0
6878	4
6879	3
6880	3
6881	2
6882	5
6883	1
6884	2
6885	6
6886	3
6887	2
6888	1
6889	7
6890	0
6891	3
6892	3
6893	0
6894	0
6895	3
6896	4
6897	0
6898	1
6899	0
6900	5
6901	7
6902	7
6903	2
6904	5
6905	3
6906	0
6907	3
6908	6
6909	7
6910	1
6911	6
6912	7
6913	1
6914	3
6915	4
6916	4
6917	7
6918	7
6919	4
6920	5
6921	0
6922	3
6923	7
6924	1
6925	7
6926	7
6927	5
6928	0
6929	5
6930	2
6931	0
6932	1
6933	0
6934	6
6935	3
6936	4
6937	1
6938	4
6939	4
6940	4
6941	6
6942	7
6943	1
6944	2
6945	7
6946	5
6947	6
6948	0
6949	0
6950	4
6951	4
6952	2
6953	1
6954	5
6955	3
6956	3
6957	4
6958	7
6959	3
6960	3
6961	1
6962	3
6963	5
6964	2
6965	4
6966	3
6967	2
6968	2
6969	4
6970	2
6971	6
6972	3
6973	0
6974	1
6975	7
6976	3
6977	4
6978	6
6979	0
6980	6
6981	1
6982	7
6983	7
6984	2
6985	1
6986	2
6987	0
6988	5
6989	2
6990	7
6991	1
6992	5
6993	4
6994	3
6995	0
6996	1
6997	3
6998	6
6999	1
7000	2
7001	5
7002	4
7003	5
7004	1
7005	4
7006	1
7007	4
7008	0
7009	1
7010	3
7011	5
7012	5
7013	6
7014	3
7015	4
7016	2
7017	0
7018	2
7019	3
7020	0
7021	1
7022	4
7023	6
7024	0
7025	7
7026	0
7027	4
7028	4
7029	6
7030	1
7031	5
7032	5
7033	2
7034	0
7035	3
7036	1
7037	7
7038	3
7039	0
7040	1
7041	5
7042	7
7043	1
7044	7
7045	3
7046	1
7047	7
7048	6
7049	0
7050	5
7051	1
7052	5
7053	5
7054	7
7055	7
7056	7
7057	5
7058	2
7059	6
7060	3
7061	6
7062	3
7063	6
7064	5
7065	0
7066	4
7067	0
7068	7
7069	6
7070	6
7071	3
7072	4
7073	1
7074	5
7075	1
7076	7
7077	6
7078	6
7079	6
7080	6
7081	7
7082	6
7083	2
7084	5
7085	0
7086	7
7087	5
7088	2
7089	4
7090	0
7091	6
7092	1
7093	7
7094	5
7095	3
7096	6
7097	3
7098	6
7099	6
7100	5
7101	5
7102	7
7103	5
7104	5
7105	1
7106	7
7107	2
7108	0
7109	7
7110	1
7111	5
7112	0
7113	5
7114	6
7115	1
7116	7
7117	2
7118	1
7119	5
7120	3
7121	0
7122	6
7123	4
7124	3
7125	2
7126	1
7127	7
7128	3
7129	5
7130	1
7131	5
7132	2
7133	7
7134	2
7135	0
7136	3
7137	2
7138	6
7139	6
7140	3
7141	3
7142	6
7143	7
7144	4
7145	1
7146	1
7147	7
7148	4
7149	0
7150	3
7151	5
7152	2
7153	7
7154	2
7155	2
7156	2
7157	5
7158	1
7159	2
7160	7
7161	0
7162	4
7163	2
7164	7
7165	3
7166	1
7167	5
7168	7
7169	1
7170	1
7171	6
7172	6
7173	5
7174	7
7175	0
7176	2
7177	2
7178	1
7179	4
7180	3
7181	5
7182	5
7183	2
7184	7
7185	6
7186	7
7187	4
7188	5
7189	0
7190	1
7191	3
7192	5
7193	3
7194	0
7195	3
7196	6
7197	2
7198	1
7199	7
7200	3
7201	2
7202	6
7203	0
7204	1
7205	2
7206	0
7207	1
7208	1
7209	7
7210	7
7211	7
7212	0
7213	6
7214	7
7215	2
7216	6
7217	4
7218	6
7219	0
7220	7
7221	0
7222	7
7223	1
7224	7
7225	5
7226	2
7227	5
7228	0
7229	6
7230	1
7231	0
7232	5
7233	5
7234	5
7235	6
7236	6
7237	6
7238	5
7239	0
7240	5
7241	6
7242	5
7243	7
7244	6
7245	5
7246	2
7247	2
7248	6
7249	4
7250	0
7251	7
7252	4
7253	2
7254	7
7255	0
7256	2
7257	4
7258	0
7259	0
7260	3
7261	1
7262	7
7263	1
7264	5
7265	5
7266	5
7267	3
7268	3
7269	0
7270	0
7271	3
7272	1
7273	1
7274	1
7275	0
7276	3
7277	3
7278	3
7279	7
7280	0
7281	2
7282	5
7283	0
7284	3
7285	0
7286	2
7287	0
7288	5
7289	0
7290	1
7291	5
7292	4
7293	0
7294	4
7295	2
7296	3
7297	7
7298	0
7299	1
7300	3
7301	6
7302	7
7303	1
7304	2
7305	1
7306	1
7307	4
7308	4
7309	6
7310	2
7311	5
7312	1
7313	4
7314	5
7315	7
7316	4
7317	4
7318	7
7319	0
7320	4
7321	7
7322	3
7323	3
7324	3
7325	2
7326	6
7327	4
7328	3
7329	5
7330	2
7331	0
7332	2
7333	7
7334	1
7335	2
7336	0
7337	7
7338	1
7339	2
7340	0
7341	1
7342	0
7343	4
7344	4
7345	6
7346	5
7347	1
7348	7
7349	4
7350	0
7351	6
7352	6
7353	0
7354	0
7355	5
7356	5
7357	4
7358	0
7359	2
7360	4
7361	2
7362	3
7363	7
7364	7
7365	7
7366	3
7367	6
7368	2
7369	4
7370	0
7371	6
7372	0
7373	5
7374	5
7375	3
7376	3
7377	6
7378	1
7379	4
7380	5
7381	6
7382	0
7383	4
7384	4
7385	0
7386	2
7387	7
7388	3
7389	7
7390	4
7391	5
7392	1
7393	1
7394	2
7395	0
7396	4
7397	4
7398	1
7399	4
7400	7
7401	1
7402	6
7403	4
7404	4
7405	4
7406	6
7407	1
7408	4
7409	3
7410	2
7411	6
7412	7
7413	0
7414	5
7415	6
7416	5
7417	7
7418	2
7419	5
7420	7
7421	1
7422	1
7423	5
7424	4
7425	1
7426	1
7427	3
7428	6
7429	4
7430	4
7431	3
7432	2
7433	2
7434	5
7435	5
7436	3
7437	6
7438	4
7439	5
7440	0
7441	0
7442	1
7443	3
7444	3
7445	3
7446	6
7447	1
7448	0
7449	5
7450	7
7451	5
7452	0
7453	2
7454	3
7455	1
7456	1
7457	7
7458	3
7459	7
7460	1
7461	1
7462	5
7463	2
7464	6
7465	4
7466	3
7467	6
7468	4
7469	3
7470	5
7471	2
7472	0
7473	1
7474	4
7475	1
7476	3
7477	7
7478	4
7479	7
7480	2
7481	6
7482	4
7483	3
7484	2
7485	0
7486	0
7487	7
7488	5
7489	3
7490	0
7491	3
7492	0
7493	5
7494	3
7495	3
7496	0
7497	2
7498	5
7499	0
7500	0
7501	4
7502	7
7503	0
7504	1
7505	1
7506	4
7507	6
7508	5
7509	3
7510	3
7511	5
7512	3
7513	1
7514	4
7515	2
7516	7
7517	1
7518	4
7519	0
7520	0
7521	7
7522	7
7523	1
7524	1
7525	5
7526	6
7527	5
7528	5
7529	0
7530	7
7531	3
7532	4
7533	5
7534	7
7535	3
7536	7
7537	7
7538	3
7539	5
7540	6
7541	1
7542	6
7543	6
7544	0
7545	1
7546	3
7547	5
7548	0
7549	4
7550	1
7551	7
7552	5
7553	5
7554	5
7555	3
7556	1
7557	2
7558	0
7559	3
7560	0
7561	6
7562	6
7563	4
7564	4
7565	1
7566	6
7567	4
7568	0
7569	6
7570	1
7571	4
7572	2
7573	7
7574	5
7575	0
7576	4
7577	5
7578	0
7579	6
7580	1
7581	3
7582	4
7583	0
7584	3
7585	3
7586	4
7587	0
7588	2
7589	6
7590	6
7591	7
7592	3
7593	1
7594	7
7595	0
7596	2
7597	3
7598	1
7599	5
7600	2
7601	4
7602	4
7603	3
7604	6
7605	5
7606	3
7607	1
7608	7
7609	3
7610	3
7611	3
7612	4
7613	5
7614	2
7615	5
7616	0
7617	3
7618	4
7619	4
7620	3
7621	2
7622	1
7623	0
7624	4
7625	5
7626	7
7627	1
7628	3
7629	6
7630	1
7631	6
7632	0
7633	1
7634	5
7635	0
7636	0
7637	5
7638	1
7639	6
7640	2
7641	2
7642	4
7643	0
7644	3
7645	0
7646	7
7647	1
7648	6
7649	4
7650	4
7651	5
7652	4
7653	2
7654	1
7655	2
7656	0
7657	6
7658	1
7659	2
7660	3
7661	7
7662	1
7663	6
7664	3
7665	1
7666	4
7667	0
7668	7
7669	4
7670	1
7671	6
7672	6
7673	7
7674	1
7675	3
7676	4
7677	0
7678	7
7679	5
7680	7
7681	5
7682	1
7683	0
7684	6
7685	3
7686	4
7687	0
7688	7
7689	1
7690	2
7691	4
7692	0
7693	1
7694	4
7695	5
7696	6
7697	4
7698	5
7699	3
7700	7
7701	5
7702	4
7703	4
7704	7
7705	1
7706	1
7707	6
7708	3
7709	1
7710	6
7711	1
7712	6
7713	7
7714	5
7715	3
7716	2
7717	5
7718	2
7719	4
7720	5
7721	0
7722	5
7723	6
7724	5
7725	0
7726	0
7727	0
7728	7
7729	3
7730	7
7731	5
7732	7
7733	2
7734	6
7735	7
7736	0
7737	5
7738	5
7739	5
7740	4
7741	3
7742	4
7743	7
7744	5
7745	4
7746	1
7747	0
7748	4
7749	5
7750	6
7751	5
7752	0
7753	5
7754	1
7755	5
7756	3
7757	7
7758	5
7759	5
7760	5
7761	7
7762	1
7763	1
7764	6
7765	1
7766	5
7767	4
7768	3
7769	7
7770	6
7771	5
7772	4
7773	3
7774	1
7775	5
7776	4
7777	6
7778	1
7779	4
7780	4
7781	7
7782	6
7783	0
7784	5
7785	6
7786	2
7787	7
7788	7
7789	5
7790	0
7791	5
7792	7
7793	1
7794	5
7795	1
7796	0
7797	1
7798	0
7799	7
7800	4
7801	1
7802	4
7803	4
7804	4
7805	1
7806	3
7807	5
7808	1
7809	1
7810	5
7811	2
7812	1
7813	6
7814	2
7815	7
7816	5
7817	4
7818	0
7819	1
7820	4
7821	0
7822	5
7823	5
7824	0
7825	5
7826	3
7827	5
7828	6
7829	7
7830	0
7831	5
7832	4
7833	3
7834	2
7835	4
7836	1
7837	7
7838	1
7839	7
7840	5
7841	0
7842	6
7843	0
7844	7
7845	7
7846	0
7847	5
7848	4
7849	2
7850	3
7851	3
7852	0
7853	3
7854	6
7855	7
7856	5
7857	6
7858	5
7859	6
7860	2
7861	5
7862	7
7863	4
7864	5
7865	4
7866	5
7867	5
7868	2
7869	0
7870	6
7871	1
7872	7
7873	7
7874	5
7875	3
7876	3
7877	3
7878	3
7879	0
7880	3
7881	2
7882	1
7883	1
7884	4
7885	5
7886	1
7887	4
7888	1
7889	5
7890	5
7891	5
7892	3
7893	1
7894	5
7895	0
7896	6
7897	1
7898	6
7899	0
7900	6
7901	6
7902	6
7903	5
7904	6
7905	7
7906	3
7907	1
7908	0
7909	4
7910	1
7911	5
7912	3
7913	5
7914	7
7915	6
7916	7
7917	3
7918	0
7919	4
7920	3
7921	0
7922	6
7923	1
7924	2
7925	7
7926	4
7927	5
7928	4
7929	2
7930	4
7931	4
7932	7
7933	7
7934	7
7935	2
7936	2
7937	1
7938	4
7939	7
7940	0
7941	7
7942	5
7943	5
7944	0
7945	0
7946	1
7947	3
7948	4
7949	4
7950	5
7951	0
7952	3
7953	1
7954	0
7955	4
7956	7
7957	2
7958	6
7959	3
7960	7
7961	4
7962	4
7963	5
7964	0
7965	1
7966	3
7967	7
7968	2
7969	1
7970	6
7971	7
7972	5
7973	1
7974	4
7975	4
7976	1
7977	4
7978	3
7979	4
7980	7
7981	7
7982	0
7983	0
7984	7
7985	0
7986	2
7987	0
7988	1
7989	5
7990	7
7991	7
7992	4
7993	7
7994	0
7995	2
7996	7
7997	4
7998	1
7999	6
8000	0
8001	1
8002	4
8003	7
8004	5
8005	7
8006	2
8007	7
8008	6
8009	0
8010	5
8011	6
8012	2
8013	6
8014	1
8015	5
8016	2
8017	4
8018	0
8019	7
8020	2
8021	7
8022	7
8023	1
8024	4
8025	6
8026	1
8027	0
8028	1
8029	4
8030	4
8031	4
8032	6
8033	4
8034	0
8035	3
8036	5
8037	1
8038	1
8039	4
8040	7
8041	4
8042	6
8043	5
8044	3
8045	0
8046	7
8047	2
8048	5
8049	4
8050	4
8051	3
8052	0
8053	2
8054	3
8055	0
8056	6
8057	1
8058	5
8059	7
8060	6
8061	2
8062	1
8063	1
8064	5
8065	6
8066	3
8067	5
8068	5
8069	0
8070	7
8071	0
8072	2
8073	5
8074	5
8075	4
8076	6
8077	1
8078	7
8079	3
8080	1
8081	0
8082	2
8083	4
8084	7
8085	5
8086	0
8087	4
8088	0
8089	3
8090	2
8091	5
8092	1
8093	1
8094	5
8095	4
8096	0
8097	4
8098	2
8099	7
8100	3
8101	4
8102	6
8103	5
8104	1
8105	5
8106	6
8107	1
8108	4
8109	7
8110	7
8111	0
8112	6
8113	7
8114	5
8115	5
8116	1
8117	0
8118	5
8119	1
8120	1
8121	0
8122	0
8123	4
8124	3
8125	0
8126	2
8127	2
8128	0
8129	5
8130	4
8131	1
8132	0
8133	3
8134	2
8135	7
8136	0
8137	1
8138	4
8139	7
8140	4
8141	5
8142	3
8143	5
8144	7
8145	6
8146	3
8147	5
8148	6
8149	4
8150	5
8151	5
8152	5
8153	4
8154	7
8155	1
8156	3
8157	5
8158	4
8159	1
8160	6
8161	3
8162	2
8163	6
8164	4
8165	4
8166	7
8167	1
8168	6
8169	6
8170	7
8171	0
8172	0
8173	5
8174	1
8175	3
8176	6
8177	4
8178	5
8179	7
8180	6
8181	7
8182	4
8183	5
8184	6
8185	0
8186	3
8187	2
8188	3
8189	3
8190	2
8191	5
8192	3
8193	1
8194	5
8195	2
8196	3
8197	2
8198	7
8199	6
8200	1
8201	7
8202	1
8203	2
8204	6
8205	3
8206	5
8207	3
8208	1
8209	7
8210	5
8211	1
8212	0
8213	0
8214	5
8215	7
8216	4
8217	7
8218	6
8219	1
8220	0
8221	4
8222	0
8223	1
8224	4
8225	3
8226	6
8227	2
8228	7
8229	2
8230	4
8231	0
8232	6
8233	7
8234	7
8235	6
8236	0
8237	6
8238	5
8239	4
8240	4
8241	6
8242	5
8243	0
8244	5
8245	6
8246	1
8247	5
8248	7
8249	4
8250	6
8251	3
8252	7
8253	6
8254	0
8255	7
8256	5
8257	0
8258	5
8259	4
8260	5
8261	6
8262	7
8263	2
8264	5
8265	5
8266	2
8267	3
8268	1
8269	5
8270	5
8271	3
8272	0
8273	3
8274	7
8275	0
8276	6
8277	0
8278	0
8279	4
8280	3
8281	7
8282	6
8283	2
8284	4
8285	7
8286	5
8287	5
8288	5
8289	3
8290	2
8291	0
8292	2
8293	3
8294	1
8295	7
8296	1
8297	5
8298	7
8299	4
8300	3
8301	6
8302	0
8303	4
8304	6
8305	6
8306	6
8307	0
8308	3
8309	0
8310	2
8311	4
8312	4
8313	3
8314	6
8315	7
8316	1
8317	4
8318	2
8319	3
8320	0
8321	5
8322	1
8323	6
8324	3
8325	4
8326	5
8327	6
8328	4
8329	7
8330	6
8331	3
8332	3
8333	5
8334	3
8335	1
8336	6
8337	3
8338	4
8339	1
8340	3
8341	6
8342	5
8343	7
8344	4
8345	0
8346	6
8347	7
8348	5
8349	7
8350	3
8351	3
8352	5
8353	6
8354	5
8355	0
8356	1
8357	1
8358	1
8359	0
8360	0
8361	6
8362	3
8363	7
8364	4
8365	3
8366	6
8367	0
8368	1
8369	4
8370	7
8371	0
8372	1
8373	1
8374	7
8375	4
8376	0
8377	0
8378	3
8379	1
8380	3
8381	2
8382	1
8383	0
8384	1
8385	7
8386	7
8387	4
8388	6
8389	0
8390	1
8391	7
8392	5
8393	1
8394	1
8395	3
8396	3
8397	4
8398	4
8399	7
8400	0
8401	0
8402	7
8403	0
8404	0
8405	4
8406	4
8407	1
8408	6
8409	6
8410	0
8411	6
8412	7
8413	4
8414	5
8415	4
8416	0
8417	3
8418	6
8419	2
8420	0
8421	1
8422	0
8423	6
8424	3
8425	0
8426	1
8427	5
8428	5
8429	2
8430	5
8431	5
8432	7
8433	3
8434	7
8435	1
8436	1
8437	2
8438	5
8439	5
8440	2
8441	7
8442	5
8443	1
8444	1
8445	0
8446	1
8447	1
8448	0
8449	5
8450	5
8451	5
8452	5
8453	4
8454	1
8455	0
8456	7
8457	5
8458	4
8459	5
8460	7
8461	0
8462	0
8463	3
8464	0
8465	5
8466	3
8467	7
8468	4
8469	1
8470	1
8471	6
8472	1
8473	6
8474	7
8475	7
8476	5
8477	4
8478	4
8479	5
8480	1
8481	0
8482	7
8483	7
8484	2
8485	3
8486	2
8487	1
8488	1
8489	7
8490	2
8491	0
8492	7
8493	4
8494	0
8495	3
8496	3
8497	7
8498	2
8499	5
8500	1
8501	3
8502	6
8503	3
8504	6
8505	5
8506	3
8507	1
8508	3
8509	4
8510	5
8511	7
8512	1
8513	1
8514	2
8515	1
8516	3
8517	1
8518	0
8519	2
8520	6
8521	6
8522	1
8523	5
8524	7
8525	0
8526	5
8527	6
8528	4
8529	0
8530	0
8531	0
8532	2
8533	0
8534	2
8535	7
8536	2
8537	2
8538	5
8539	5
8540	7
8541	4
8542	3
8543	3
8544	1
8545	1
8546	0
8547	2
8548	6
8549	3
8550	5
8551	3
8552	2
8553	3
8554	3
8555	1
8556	5
8557	4
8558	2
8559	7
8560	1
8561	1
8562	3
8563	2
8564	0
8565	7
8566	7
8567	2
8568	1
8569	6
8570	1
8571	5
8572	4
8573	6
8574	1
8575	1
8576	4
8577	3
8578	5
8579	3
8580	5
8581	7
8582	1
8583	3
8584	5
8585	2
8586	7
8587	3
8588	7
8589	5
8590	1
8591	5
8592	4
8593	7
8594	4
8595	5
8596	6
8597	4
8598	7
8599	1
8600	7
8601	5
8602	5
8603	0
8604	2
8605	7
8606	6
8607	5
8608	3
8609	3
8610	3
8611	4
8612	1
8613	4
8614	3
8615	2
8616	6
8617	7
8618	0
8619	0
8620	0
8621	0
8622	7
8623	2
8624	4
8625	6
8626	0
8627	6
8628	0
8629	7
8630	2
8631	7
8632	5
8633	7
8634	7
8635	1
8636	5
8637	1
8638	1
8639	4
8640	7
8641	7
8642	3
8643	3
8644	2
8645	7
8646	1
8647	4
8648	2
8649	5
8650	3
8651	5
8652	5
8653	0
8654	3
8655	3
8656	7
8657	7
8658	5
8659	1
8660	0
8661	5
8662	1
8663	4
8664	0
8665	1
8666	6
8667	3
8668	0
8669	1
8670	1
8671	7
8672	6
8673	5
8674	3
8675	7
8676	6
8677	0
8678	0
8679	3
8680	5
8681	1
8682	1
8683	5
8684	1
8685	3
8686	1
8687	0
8688	7
8689	4
8690	4
8691	2
8692	5
8693	6
8694	4
8695	5
8696	5
8697	6
8698	0
8699	6
8700	3
8701	0
8702	5
8703	5
8704	3
8705	1
8706	6
8707	5
8708	5
8709	1
8710	6
8711	0
8712	5
8713	1
8714	7
8715	2
8716	6
8717	4
8718	4
8719	3
8720	4
8721	4
8722	5
8723	0
8724	4
8725	2
8726	5
8727	0
8728	7
8729	1
8730	7
8731	6
8732	5
8733	1
8734	1
8735	0
8736	2
8737	4
8738	5
8739	7
8740	6
8741	6
8742	3
8743	6
8744	4
8745	7
8746	0
8747	2
8748	4
8749	7
8750	7
8751	7
8752	4
8753	4
8754	7
8755	4
8756	2
8757	4
8758	0
8759	6
8760	6
8761	6
8762	1
8763	2
8764	4
8765	6
8766	1
8767	1
8768	4
8769	2
8770	4
8771	5
8772	3
8773	0
8774	1
8775	0
8776	4
8777	5
8778	2
8779	2
8780	6
8781	5
8782	4
8783	2
8784	4
8785	6
8786	0
8787	4
8788	4
8789	5
8790	0
8791	7
8792	1
8793	0
8794	3
8795	2
8796	6
8797	0
8798	2
8799	5
8800	1
8801	5
8802	4
8803	0
8804	6
8805	5
8806	5
8807	3
8808	6
8809	5
8810	3
8811	5
8812	0
8813	3
8814	5
8815	7
8816	7
8817	2
8818	4
8819	2
8820	1
8821	6
8822	4
8823	3
8824	4
8825	4
8826	5
8827	0
8828	1
8829	1
8830	3
8831	4
8832	2
8833	3
8834	6
8835	5
8836	2
8837	5
8838	3
8839	4
8840	3
8841	6
8842	1
8843	0
8844	4
8845	0
8846	0
8847	1
8848	7
8849	5
8850	0
8851	1
8852	7
8853	7
8854	3
8855	3
8856	2
8857	2
8858	7
8859	4
8860	4
8861	0
8862	1
8863	4
8864	4
8865	1
8866	0
8867	4
8868	7
8869	0
8870	7
8871	1
8872	2
8873	6
8874	0
8875	2
8876	4
8877	3
8878	2
8879	3
8880	0
8881	3
8882	3
8883	3
8884	5
8885	3
8886	4
8887	7
8888	7
8889	5
8890	1
8891	5
8892	6
8893	4
8894	7
8895	5
8896	1
8897	1
8898	1
8899	4
8900	7
8901	2
8902	7
8903	5
8904	3
8905	3
8906	0
8907	2
8908	2
8909	5
8910	0
8911	4
8912	4
8913	2
8914	7
8915	3
8916	1
8917	1
8918	1
8919	2
8920	4
8921	5
8922	6
8923	6
8924	1
8925	1
8926	4
8927	6
8928	3
8929	2
8930	5
8931	0
8932	7
8933	3
8934	7
8935	0
8936	0
8937	5
8938	0
8939	3
8940	5
8941	0
8942	3
8943	0
8944	5
8945	3
8946	7
8947	4
8948	5
8949	5
8950	6
8951	1
8952	0
8953	6
8954	7
8955	2
8956	2
8957	5
8958	0
8959	4
8960	6
8961	6
8962	7
8963	7
8964	2
8965	3
8966	7
8967	4
8968	1
8969	6
8970	1
8971	6
8972	6
8973	7
8974	0
8975	2
8976	4
8977	5
8978	5
8979	0
8980	0
8981	4
8982	1
8983	0
8984	1
8985	6
8986	2
8987	6
8988	5
8989	5
8990	7
8991	1
8992	5
8993	5
8994	5
8995	7
8996	0
8997	1
8998	5
8999	7
9000	2
9001	5
9002	4
9003	0
9004	1
9005	2
9006	7
9007	4
9008	2
9009	1
9010	4
9011	5
9012	4
9013	5
9014	2
9015	1
9016	5
9017	5
9018	2
9019	0
9020	7
9021	5
9022	1
9023	3
9024	2
9025	3
9026	3
9027	5
9028	6
9029	1
9030	7
9031	0
9032	4
9033	1
9034	1
9035	1
9036	1
9037	6
9038	2
9039	2
9040	6
9041	7
9042	1
9043	6
9044	0
9045	2
9046	4
9047	2
9048	7
9049	1
9050	3
9051	6
9052	0
9053	6
9054	7
9055	2
9056	2
9057	5
9058	2
9059	7
9060	5
9061	2
9062	4
9063	3
9064	4
9065	0
9066	6
9067	6
9068	3
9069	0
9070	5
9071	2
9072	5
9073	0
9074	7
9075	4
9076	1
9077	6
9078	4
9079	2
9080	2
9081	4
9082	7
9083	6
9084	1
9085	1
9086	1
9087	7
9088	0
9089	4
9090	1
9091	3
9092	4
9093	3
9094	6
9095	2
9096	6
9097	6
9098	1
9099	5
9100	1
9101	0
9102	0
9103	0
9104	5
9105	7
9106	0
9107	7
9108	1
9109	3
9110	4
9111	1
9112	6
9113	6
9114	4
9115	3
9116	7
9117	5
9118	4
9119	4
9120	1
9121	6
9122	0
9123	4
9124	7
9125	5
9126	6
9127	7
9128	6
9129	6
9130	5
9131	6
9132	0
9133	4
9134	2
9135	4
9136	5
9137	4
9138	7
9139	5
9140	1
9141	7
9142	0
9143	7
9144	1
9145	0
9146	0
9147	4
9148	3
9149	5
9150	1
9151	3
9152	1
9153	1
9154	2
9155	1
9156	3
9157	6
9158	0
9159	1
9160	0
9161	0
9162	0
9163	5
9164	1
9165	0
9166	2
9167	3
9168	4
9169	7
9170	3
9171	0
9172	3
9173	1
9174	7
9175	3
9176	7
9177	3
9178	3
9179	6
9180	4
9181	6
9182	5
9183	3
9184	7
9185	4
9186	1
9187	3
9188	0
9189	7
9190	4
9191	7
9192	3
9193	5
9194	6
9195	0
9196	5
9197	4
9198	1
9199	7
9200	1
9201	5
9202	2
9203	5
9204	7
9205	1
9206	7
9207	5
9208	0
9209	0
9210	3
9211	7
9212	1
9213	5
9214	3
9215	5
9216	5
9217	4
9218	6
9219	5
9220	0
9221	7
9222	4
9223	6
9224	2
9225	7
9226	1
9227	4
9228	5
9229	0
9230	7
9231	2
9232	2
9233	5
9234	4
9235	4
9236	3
9237	1
9238	7
9239	5
9240	1
9241	2
9242	3
9243	4
9244	7
9245	5
9246	4
9247	1
9248	7
9249	5
9250	1
9251	5
9252	0
9253	0
9254	5
9255	5
9256	6
9257	6
9258	7
9259	1
9260	5
9261	1
9262	6
9263	2
9264	7
9265	1
9266	4
9267	0
9268	0
9269	4
9270	3
9271	0
9272	5
9273	7
9274	4
9275	4
9276	3
9277	1
9278	3
9279	4
9280	7
9281	0
9282	1
9283	1
9284	1
9285	5
9286	7
9287	4
9288	5
9289	7
9290	6
9291	7
9292	0
9293	3
9294	6
9295	1
9296	5
9297	4
9298	6
9299	2
9300	6
9301	4
9302	1
9303	1
9304	1
9305	6
9306	3
9307	2
9308	1
9309	2
9310	4
9311	3
9312	2
9313	5
9314	0
9315	7
9316	5
9317	0
9318	5
9319	6
9320	2
9321	4
9322	2
9323	4
9324	0
9325	0
9326	5
9327	7
9328	5
9329	4
9330	0
9331	0
9332	4
9333	4
9334	6
9335	3
9336	5
9337	4
9338	2
9339	1
9340	2
9341	5
9342	5
9343	3
9344	5
9345	4
9346	0
9347	1
9348	5
9349	1
9350	5
9351	5
9352	1
9353	3
9354	4
9355	0
9356	7
9357	2
9358	0
9359	7
9360	3
9361	7
9362	7
9363	2
9364	5
9365	1
9366	3
9367	1
9368	1
9369	2
9370	7
9371	4
9372	6
9373	7
9374	4
9375	6
9376	3
9377	6
9378	4
9379	4
9380	4
9381	1
9382	1
9383	6
9384	1
9385	4
9386	3
9387	7
9388	4
9389	4
9390	5
9391	6
9392	7
9393	3
9394	0
9395	3
9396	4
9397	4
9398	4
9399	7
9400	4
9401	2
9402	5
9403	2
9404	2
9405	2
9406	3
9407	7
9408	6
9409	2
9410	7
9411	5
9412	6
9413	5
9414	0
9415	5
9416	5
9417	6
9418	0
9419	0
9420	0
9421	5
9422	7
9423	4
9424	2
9425	1
9426	6
9427	1
9428	1
9429	4
9430	4
9431	3
9432	7
9433	7
9434	4
9435	6
9436	0
9437	4
9438	0
9439	1
9440	3
9441	3
9442	3
9443	3
9444	4
9445	3
9446	3
9447	5
9448	3
9449	0
9450	0
9451	6
9452	4
9453	6
9454	0
9455	0
9456	2
9457	7
9458	5
9459	6
9460	6
9461	5
9462	5
9463	6
9464	0
9465	7
9466	0
9467	3
9468	0
9469	0
9470	7
9471	0
9472	7
9473	5
9474	3
9475	6
9476	0
9477	3
9478	7
9479	0
9480	5
9481	0
9482	6
9483	3
9484	3
9485	0
9486	4
9487	5
9488	5
9489	0
9490	2
9491	6
9492	4
9493	0
9494	4
9495	6
9496	5
9497	4
9498	6
9499	1
9500	1
9501	6
9502	3
9503	7
9504	1
9505	3
9506	3
9507	5
9508	5
9509	5
9510	1
9511	2
9512	1
9513	2
9514	3
9515	7
9516	2
9517	5
9518	7
9519	0
9520	2
9521	4
9522	7
9523	0
9524	1
9525	5
9526	7
9527	0
9528	5
9529	1
9530	1
9531	7
9532	1
9533	4
9534	1
9535	5
9536	2
9537	5
9538	1
9539	4
9540	1
9541	5
9542	7
9543	0
9544	5
9545	5
9546	6
9547	3
9548	0
9549	4
9550	6
9551	4
9552	7
9553	6
9554	4
9555	3
9556	6
9557	7
9558	4
9559	1
9560	5
9561	0
9562	1
9563	0
9564	0
9565	1
9566	5
9567	3
9568	4
9569	7
9570	0
9571	0
9572	6
9573	5
9574	7
9575	0
9576	1
9577	4
9578	3
9579	1
9580	6
9581	1
9582	5
9583	1
9584	4
9585	5
9586	5
9587	6
9588	0
9589	4
9590	0
9591	0
9592	5
9593	2
9594	0
9595	2
9596	5
9597	5
9598	7
9599	4
9600	0
9601	6
9602	2
9603	3
9604	1
9605	0
9606	3
9607	2
9608	7
9609	0
9610	5
9611	5
9612	4
9613	1
9614	1
9615	4
9616	3
9617	1
9618	3
9619	4
9620	4
9621	6
9622	2
9623	3
9624	6
9625	3
9626	3
9627	7
9628	1
9629	7
9630	7
9631	6
9632	4
9633	4
9634	1
9635	3
9636	1
9637	0
9638	7
9639	3
9640	6
9641	7
9642	1
9643	6
9644	1
9645	1
9646	0
9647	5
9648	5
9649	3
9650	7
9651	5
9652	2
9653	4
9654	2
9655	6
9656	2
9657	0
9658	5
9659	7
9660	3
9661	7
9662	4
9663	0
9664	1
9665	1
9666	5
9667	2
9668	6
9669	5
9670	2
9671	2
9672	6
9673	6
9674	4
9675	6
9676	1
9677	3
9678	2
9679	0
9680	7
9681	7
9682	1
9683	4
9684	0
9685	6
9686	7
9687	5
9688	4
9689	5
9690	0
9691	0
9692	1
9693	3
9694	2
9695	0
9696	4
9697	1
9698	1
9699	7
9700	4
9701	5
9702	0
9703	0
9704	2
9705	3
9706	1
9707	0
9708	0
9709	3
9710	2
9711	5
9712	5
9713	5
9714	3
9715	0
9716	3
9717	5
9718	0
9719	1
9720	0
9721	1
9722	6
9723	5
9724	3
9725	0
9726	5
9727	7
9728	6
9729	1
9730	4
9731	4
9732	7
9733	4
9734	4
9735	0
9736	3
9737	0
9738	7
9739	1
9740	4
9741	6
9742	5
9743	6
9744	6
9745	5
9746	0
9747	1
9748	7
9749	5
9750	1
9751	5
9752	5
9753	6
9754	7
9755	2
9756	5
9757	1
9758	7
9759	0
9760	7
9761	3
9762	7
9763	0
9764	7
9765	6
9766	5
9767	5
9768	1
9769	6
9770	0
9771	7
9772	2
9773	0
9774	7
9775	1
9776	7
9777	2
9778	1
9779	7
9780	5
9781	7
9782	5
9783	3
9784	2
9785	7
9786	6
9787	5
9788	5
9789	5
9790	2
9791	4
9792	1
9793	4
9794	5
9795	4
9796	7
9797	4
9798	6
9799	3
9800	5
9801	1
9802	6
9803	0
9804	7
9805	4
9806	7
9807	6
9808	4
9809	6
9810	5
9811	3
9812	3
9813	7
9814	0
9815	5
9816	4
9817	1
9818	7
9819	2
9820	3
9821	4
9822	0
9823	3
9824	5
9825	5
9826	3
9827	7
9828	0
9829	6
9830	5
9831	4
9832	3
9833	7
9834	7
9835	6
9836	2
9837	5
9838	5
9839	5
9840	6
9841	4
9842	0
9843	7
9844	7
9845	6
9846	3
9847	6
9848	4
9849	2
9850	2
9851	0
9852	7
9853	1
9854	6
9855	3
9856	5
9857	3
9858	6
9859	7
9860	1
9861	2
9862	4
9863	1
9864	7
9865	5
9866	3
9867	5
9868	3
9869	4
9870	6
9871	6
9872	7
9873	1
9874	4
9875	5
9876	0
9877	3
9878	4
9879	1
9880	7
9881	7
9882	1
9883	6
9884	2
9885	3
9886	1
9887	6
9888	2
9889	6
9890	5
9891	3
9892	0
9893	6
9894	0
9895	1
9896	4
9897	5
9898	2
9899	1
9900	1
9901	7
9902	5
9903	0
9904	4
9905	7
9906	7
9907	3
9908	2
9909	7
9910	1
9911	7
9912	4
9913	7
9914	3
9915	3
9916	3
9917	7
9918	6
9919	7
9920	0
9921	3
9922	1
9923	7
9924	5
9925	5
9926	6
9927	5
9928	0
9929	3
9930	3
9931	1
9932	2
9933	5
9934	3
9935	2
9936	7
9937	5
9938	3
9939	4
9940	0
9941	0
9942	3
9943	6
9944	5
9945	0
9946	2
9947	1
9948	0
9949	4
9950	7
9951	0
9952	3
9953	7
9954	5
9955	2
9956	5
9957	4
9958	5
9959	6
9960	7
9961	5
9962	5
9963	0
9964	3
9965	0
9966	1
9967	0
9968	4
9969	3
9970	1
9971	3
9972	5
9973	5
9974	6
9975	0
9976	1
9977	1
9978	0
9979	0
9980	3
9981	5
9982	6
9983	6
9984	2
9985	1
9986	0
9987	2
9988	4
9989	1
9990	3
9991	1
9992	6
9993	1
9994	4
9995	5
9996	3
9997	2
9998	2
9999	2
