603	0	8
66	0	4
79	0	3
43	0	3
1509	0	5
1495	0	6
790	0	1
84	0	1
600	0	2
817	0	1
890	0	1
806	0	5
972	0	3
91	0	3
64	0	0
923	0	1
1533	0	5
189	0	3
884	0	1
106	0	5
925	0	3
57	0	1
198	0	0
888	0	6
83	0	4
1312	0	3
1579	0	0
38	0	5
1590	0	0
170	0	1
54	0	0
615	0	6
928	0	3
1515	0	4
131	0	6
125	0	6
123	0	3
909	0	6
1569	0	4
877	0	1
821	0	1
1023	0	1
178	0	11
31	0	3
1580	0	5
149	0	4
926	0	8
197	0	2
927	0	3
637	0	10
109	0	5
984	0	3
602	0	1
120	0	5
1003	0	0
1018	0	3
167	0	3
989	0	5
55	0	6
114	0	6
915	0	0
609	0	8
822	0	3
1526	0	1
826	0	3
1539	0	3
901	0	1
633	0	5
97	0	5
70	0	2
908	0	5
1552	0	3
839	0	0
142	0	0
5	0	3
647	0	0
960	0	5
194	0	5
801	0	3
864	0	6
1342	0	2
182	0	1
875	0	5
857	0	0
93	0	3
1570	0	3
1007	0	3
152	0	1
656	0	1
185	0	7
667	0	1
638	0	3
920	0	3
1006	0	5
28	0	5
73	0	5
645	0	5
41	0	2
985	0	6
919	0	8
1512	0	3
1573	0	0
1503	0	6
932	0	5
597	0	3
798	0	4
1557	0	3
1016	0	1
940	0	5
7	0	5
139	0	3
1540	0	1
942	0	5
1010	0	6
914	0	0
953	0	3
171	0	7
827	0	0
155	0	3
980	0	6
987	0	3
169	0	1
611	0	5
1022	0	6
938	0	7
94	0	1
101	0	7
793	0	5
665	0	0
682	0	6
655	0	6
804	0	11
53	0	1
619	0	2
797	0	1
143	0	0
983	0	3
950	0	0
1013	0	0
1033	0	1
174	0	3
1556	0	4
929	0	6
40	0	3
976	0	1
935	0	5
892	0	0
88	0	1
644	0	5
885	0	1
623	0	0
812	0	1
894	0	1
902	0	5
936	0	3
628	0	5
29	0	6
1576	0	4
1558	0	3
1584	0	6
1546	0	2
1020	0	3
1554	0	3
947	0	3
196	0	5
1034	0	3
32	0	3
1592	0	6
802	0	8
979	0	3
1548	0	4
48	0	3
787	0	6
669	0	7
865	0	1
1313	0	5
642	0	5
99	0	1
1356	0	11
607	0	8
1328	0	4
1536	0	0
895	0	0
1520	0	5
104	0	0
133	0	5
1330	0	0
37	0	8
175	0	0
69	0	3
677	0	5
1532	0	0
820	0	0
591	0	3
1547	0	5
34	0	4
1019	0	3
1496	0	3
862	0	5
679	0	1
1500	0	3
867	0	11
1537	0	6
1563	0	0
59	0	1
913	0	1
1031	0	0
860	0	5
1351	0	10
1530	0	0
898	0	7
949	0	6
47	0	6
85	0	3
589	0	1
147	0	0
56	0	1
652	0	3
1524	0	4
108	0	5
26	0	0
792	0	1
974	0	6
107	0	5
869	0	6
1001	0	3
74	0	3
1587	0	2
105	0	3
650	0	1
1320	0	1
838	0	7
831	0	4
624	0	6
1316	0	1
672	0	0
594	0	1
629	0	2
32	1	3
47	1	6
71	1	1
1348	1	1
0	1	0
1320	2	2
545	2	0
773	2	2
77	2	5
749	2	2
1481	2	6
453	2	11
958	2	3
86	2	6
1384	2	7
857	2	0
764	2	9
794	2	2
714	2	0
1479	2	0
263	2	5
832	2	2
1306	2	6
308	2	5
4	2	0
1219	2	5
1506	2	7
284	2	6
961	2	2
484	2	5
1413	2	4
1427	2	5
1446	2	6
377	2	0
848	2	8
90	2	2
488	2	5
949	2	6
185	2	4
319	2	6
145	2	9
1409	2	5
555	2	0
532	2	2
562	2	2
953	2	3
303	2	4
691	2	0
1006	2	5
1473	2	11
1463	2	3
571	2	6
1466	2	3
501	2	6
353	2	6
422	2	5
1455	2	0
74	2	3
1414	2	5
938	2	7
998	2	5
1297	2	3
1347	2	3
291	2	0
1356	2	11
88	2	3
469	2	0
328	2	5
297	2	0
550	2	5
256	2	5
55	2	7
209	2	6
40	2	3
840	2	6
70	2	2
346	2	4
336	2	6
1034	2	3
210	2	6
7	2	5
54	2	0
1281	2	0
781	2	5
406	2	6
1339	2	3
510	2	4
347	2	3
531	2	3
529	2	6
705	2	2
58	2	5
27	2	6
12	2	7
739	2	2
1379	2	7
990	2	2
310	2	2
28	2	5
61	2	5
962	2	3
257	2	2
511	2	9
976	2	2
1251	2	2
1256	2	5
1443	2	6
883	2	4
1268	2	5
978	2	6
1284	2	3
117	2	5
68	2	0
803	2	9
731	2	0
301	2	0
412	2	3
695	2	3
736	2	4
1228	2	5
39	2	6
245	2	5
1430	2	6
1365	2	3
1250	2	5
69	2	3
341	2	3
1381	2	0
721	2	3
354	2	0
1340	2	3
581	2	4
1242	2	5
552	2	6
10	2	6
793	2	5
754	2	0
113	2	4
987	2	3
1245	2	5
1246	2	5
82	2	5
513	2	6
266	2	5
123	2	4
1440	2	3
699	2	5
193	2	5
701	2	6
979	2	3
1477	2	5
445	2	5
984	2	3
251	2	2
836	2	4
36	2	4
420	2	5
161	2	4
216	2	7
819	2	9
383	2	7
982	2	5
100	2	6
514	2	3
499	2	2
1352	2	3
815	2	6
41	2	2
1311	2	5
1415	2	0
960	2	5
1382	2	0
295	2	6
428	2	0
1007	2	3
540	2	6
875	2	5
1543	2	4
47	2	4
464	2	3
950	2	0
23	2	3
698	2	4
1327	2	3
741	2	5
838	2	7
155	2	3
692	2	6
864	2	6
194	2	5
808	2	3
451	2	0
833	2	0
1359	2	4
156	2	0
228	2	6
1480	2	5
371	2	0
35	2	4
1405	2	3
771	2	1
268	2	6
967	2	6
76	2	3
1307	2	6
709	2	5
584	2	5
1425	2	6
1462	2	3
190	2	8
940	2	5
1517	2	4
747	2	3
582	2	4
1417	2	5
34	2	4
759	2	5
573	2	3
492	2	7
357	2	6
849	2	5
802	2	8
271	2	5
289	2	2
356	2	0
265	2	6
734	2	0
852	2	9
333	2	11
241	2	6
697	2	0
334	2	5
430	2	0
384	2	0
1283	2	3
1282	2	5
1236	2	5
196	2	5
751	2	2
1217	2	5
1399	2	3
1457	2	3
1369	2	2
1454	2	6
304	2	2
686	2	6
93	2	3
972	2	3
491	2	0
542	2	5
494	2	0
567	2	5
485	2	2
1258	2	4
1313	2	5
1579	3	0
1501	3	8
512	3	2
464	3	3
1143	3	1
507	3	5
69	3	3
203	3	6
281	3	0
483	3	5
294	3	5
488	3	3
1294	3	3
307	3	0
1550	3	6
244	3	6
509	3	6
40	3	3
41	3	2
5	3	3
543	3	0
1220	3	0
299	3	0
1200	3	6
320	3	5
1552	3	3
415	3	3
1183	3	8
362	3	9
1125	3	5
295	3	6
1292	3	3
261	3	2
567	3	5
306	3	2
400	3	2
71	3	1
413	3	3
10	3	6
1244	3	4
346	3	4
15	3	2
280	3	6
14	3	8
471	3	8
1146	3	5
426	3	8
1250	3	5
451	3	0
302	3	2
559	3	1
19	3	8
563	3	8
531	3	3
38	3	5
441	3	5
1221	3	5
1517	3	2
43	3	3
462	3	6
550	3	5
548	3	4
397	3	3
443	3	2
318	3	2
1212	3	3
305	3	8
248	3	1
584	3	5
1265	3	2
372	3	5
225	3	9
271	3	6
387	3	0
75	3	0
351	3	0
529	3	6
94	3	3
1504	3	3
1215	3	5
99	3	1
360	3	6
272	3	5
267	3	1
1184	3	5
469	3	0
1512	3	3
0	3	0
1531	3	5
17	3	2
1115	3	5
257	3	2
279	3	5
62	3	8
1546	3	2
1154	3	3
466	3	2
6	3	4
335	3	5
254	3	2
422	3	5
86	3	6
367	3	1
560	3	1
56	3	2
1173	3	3
1558	3	3
217	3	4
435	3	5
232	3	2
434	3	2
1535	3	4
1241	3	1
1156	3	2
93	3	3
68	3	0
231	3	2
566	3	3
514	3	3
521	3	3
511	3	9
1123	3	3
1240	3	8
319	3	6
216	3	7
1257	3	0
212	3	1
408	3	3
1132	3	1
1287	3	3
1285	3	3
478	3	2
234	3	1
576	3	2
1	3	0
316	3	3
1289	3	3
16	3	5
395	3	5
1553	3	3
501	3	6
31	3	6
1176	3	5
345	3	3
542	3	5
494	3	0
565	3	2
1163	3	3
1284	3	3
1239	3	5
427	3	4
322	3	2
1181	3	8
445	3	5
544	3	6
551	3	4
297	3	0
96	3	5
333	3	11
497	3	8
83	3	1
1185	3	6
220	3	1
1542	3	6
502	3	6
388	3	0
9	3	2
301	3	0
344	3	3
74	3	3
444	3	6
88	3	3
30	3	1
1237	3	4
1150	3	0
522	3	4
578	3	5
407	3	1
552	3	6
1505	3	6
84	3	4
1513	3	6
215	3	8
429	3	6
1584	3	6
42	3	8
525	3	5
398	3	6
557	3	5
40	4	3
1146	4	5
1214	4	5
1029	4	5
153	4	3
1579	4	0
814	4	6
47	4	6
560	4	4
991	4	8
204	4	2
1388	4	4
1550	4	4
1442	4	8
160	4	0
645	4	5
75	4	0
1313	4	5
143	4	0
1381	4	0
1287	4	3
986	4	5
1570	4	3
132	4	2
1233	4	5
555	4	0
983	4	3
447	4	2
453	4	11
299	4	0
345	4	3
194	4	5
1290	4	3
176	4	6
1513	4	6
245	4	5
563	4	8
148	4	3
281	4	0
445	4	5
802	4	8
1024	4	5
1028	4	8
433	4	3
435	4	5
237	4	5
463	4	6
585	4	2
500	4	6
228	4	6
406	4	5
155	4	3
467	4	8
940	4	5
1309	4	0
1000	4	8
1231	4	5
209	4	6
1372	4	3
1558	4	3
302	4	2
1215	4	5
343	4	2
90	4	0
1565	4	6
976	4	2
1563	4	0
1541	4	4
1299	4	6
1216	4	8
54	4	0
1500	4	3
346	4	4
676	4	5
554	4	0
849	4	5
977	4	0
608	4	5
1509	4	5
1249	4	8
57	4	2
937	4	2
1376	4	0
874	4	3
815	4	6
257	4	2
439	4	6
188	4	8
4	4	0
1414	4	5
44	4	3
1531	4	5
1496	4	3
1349	4	8
68	4	0
1297	4	3
1303	4	2
319	4	6
1267	4	8
1451	4	6
321	4	5
809	4	2
1006	4	5
334	4	5
520	4	4
639	4	3
1170	4	0
157	4	5
1361	4	8
315	4	8
969	4	8
265	4	6
494	4	0
411	4	4
13	4	2
131	4	5
1286	4	3
430	4	0
22	4	3
1412	4	2
141	4	5
24	4	7
871	4	6
1236	4	5
606	4	6
550	4	5
189	4	3
10	4	6
19	4	8
1377	4	8
496	4	4
318	4	2
867	4	11
1315	4	0
253	4	0
1225	4	5
532	4	2
1477	4	5
654	4	0
1240	4	8
26	4	0
950	4	0
1324	4	2
1504	4	3
58	4	5
324	4	2
382	4	3
371	4	0
295	4	6
1343	4	5
197	4	2
994	4	2
1327	4	3
120	4	6
350	4	6
65	4	6
1422	4	5
607	4	8
939	4	6
464	4	3
329	4	2
1020	4	3
121	4	0
593	4	8
185	4	6
1341	4	4
268	4	6
1433	4	5
675	4	5
1302	4	2
358	4	2
1347	4	3
1239	4	5
1524	4	4
241	4	6
547	4	5
616	4	3
851	4	3
982	4	5
62	4	8
1519	4	2
74	4	3
213	4	5
879	4	2
1293	4	3
569	4	5
627	4	0
5	4	3
1455	4	0
1296	4	3
681	4	0
859	4	3
1151	4	0
41	4	2
1574	4	4
38	4	5
801	4	3
16	4	5
1326	4	0
297	4	0
48	4	3
256	4	5
1528	4	3
1264	4	5
495	4	8
1419	4	3
468	4	3
336	4	6
316	4	3
1449	4	6
1434	4	7
356	4	0
1336	4	5
1592	4	6
276	4	0
1262	4	5
663	4	7
1002	4	2
221	4	8
605	4	3
273	4	2
7	4	5
1017	4	5
192	4	0
76	4	3
73	4	5
293	4	6
513	4	3
408	4	3
947	4	3
1295	4	3
1465	4	2
164	4	8
77	4	5
341	4	3
1354	4	2
476	4	5
1586	4	2
117	4	5
425	4	0
290	4	0
1	4	0
200	4	1
354	4	0
1365	4	3
806	4	5
480	4	8
417	4	3
384	4	0
1322	4	2
1368	4	2
1382	4	0
203	4	6
1445	4	8
985	4	6
1462	4	3
857	4	0
145	4	9
1007	4	3
300	4	8
564	4	6
395	4	5
1540	4	2
187	4	8
1031	4	0
18	4	8
104	4	0
1424	4	8
828	4	5
9	4	2
142	4	2
1321	4	7
286	4	6
1207	4	1
115	4	2
1350	4	6
1001	4	3
1557	4	3
198	4	0
1536	4	0
1208	4	10
949	4	6
1027	4	5
992	4	2
1333	4	4
1019	4	3
1367	4	5
979	4	3
250	4	2
421	4	5
1276	4	0
402	4	4
216	4	7
519	4	5
1399	4	3
1396	4	5
808	4	3
541	4	3
1217	4	5
172	4	3
1220	5	0
92	5	1
486	5	4
715	5	2
431	5	4
545	5	0
253	5	0
525	5	5
1172	5	7
916	5	2
577	5	8
1132	5	1
1304	5	4
79	5	1
91	5	3
1384	5	7
452	5	2
2	5	1
448	5	1
411	5	4
426	5	8
1322	5	1
813	5	1
1178	5	1
528	5	8
529	5	6
61	5	5
228	5	6
1342	5	4
830	5	5
773	5	2
1275	5	5
389	5	3
901	5	1
435	5	5
1181	5	8
44	5	3
905	5	6
1228	5	5
1313	5	5
268	5	6
1347	5	3
1272	5	1
1353	5	6
888	5	6
96	5	5
829	5	5
1287	5	1
906	5	5
221	5	8
77	5	5
410	5	2
774	5	7
428	5	0
751	5	2
1140	5	8
393	5	5
547	5	2
133	5	5
396	5	1
1237	5	4
489	5	8
560	5	1
1184	5	5
417	5	3
465	5	0
1286	5	3
714	5	0
1216	5	8
1200	5	6
269	5	4
246	5	2
408	5	3
921	5	5
1348	5	1
182	5	1
504	5	1
726	5	6
13	5	2
459	5	5
562	5	2
455	5	1
453	5	11
900	5	2
6	5	4
572	5	5
534	5	1
429	5	5
80	5	3
1288	5	3
251	5	2
1171	5	1
721	5	3
27	5	1
441	5	5
87	5	6
918	5	1
1131	5	1
1186	5	1
571	5	6
1271	5	1
1188	5	2
238	5	1
784	5	3
1160	5	1
1293	5	3
222	5	0
438	5	5
165	5	0
412	5	3
1154	5	3
276	5	0
284	5	6
245	5	5
51	5	8
690	5	2
391	5	5
405	5	1
514	5	3
922	5	0
535	5	2
1215	5	5
76	5	3
700	5	1
468	5	3
392	5	1
735	5	1
239	5	8
760	5	2
903	5	5
209	5	6
908	5	4
43	5	4
1249	5	8
20	5	3
88	5	1
215	5	8
740	5	6
390	5	1
915	5	0
419	5	1
68	5	0
467	5	8
1130	5	5
1170	5	0
513	5	6
766	5	1
1127	5	1
47	5	6
449	5	1
241	5	6
723	5	1
250	5	1
262	5	1
1124	5	2
477	5	1
34	5	6
717	5	6
876	5	4
754	5	0
214	5	1
1374	5	5
584	5	5
103	5	2
485	5	2
738	5	1
178	5	4
1331	5	2
1197	5	6
913	5	1
896	5	8
78	5	5
512	5	1
693	5	1
711	5	2
475	5	3
727	5	1
689	5	2
741	5	5
1166	5	1
1185	5	6
70	5	2
202	5	1
422	5	5
153	5	3
761	5	1
136	5	8
561	5	3
712	5	8
1274	5	2
119	5	5
99	5	1
1303	5	2
55	5	7
1117	5	1
1207	5	4
9	5	5
696	5	1
71	5	1
1210	5	1
231	5	1
1213	5	5
730	5	6
1139	5	2
731	5	0
917	5	2
1149	5	8
897	5	5
1167	5	8
912	5	1
1114	5	5
887	5	0
790	5	4
579	5	5
1225	5	5
466	5	1
1312	5	6
531	5	3
457	5	2
57	5	5
870	5	1
23	5	3
920	5	1
1338	5	0
1121	5	8
82	5	2
404	5	5
1150	5	0
67	5	5
1169	5	6
207	5	1
430	5	0
17	5	1
1284	5	4
398	5	6
443	5	5
90	5	2
416	5	1
553	5	8
716	5	5
421	5	5
1300	5	2
1221	5	2
1357	5	0
543	5	0
62	5	8
1176	5	5
568	5	6
1329	5	8
271	5	6
1133	5	6
53	5	1
248	5	1
1151	5	0
520	5	4
1147	5	3
1163	5	3
280	5	6
19	5	8
451	5	0
216	5	7
32	5	3
928	5	3
1234	5	1
739	5	2
1311	5	2
225	5	9
1229	5	1
1174	5	1
1116	5	8
1192	5	0
200	5	4
503	5	3
1138	5	5
281	5	0
1161	5	0
499	5	1
1120	5	4
729	5	5
29	5	1
707	5	1
1153	5	1
434	5	2
33	5	2
1	5	0
204	5	2
37	5	8
1290	5	3
762	5	1
1337	5	0
93	5	3
481	5	5
692	5	6
885	5	1
58	5	5
724	5	0
1141	5	0
930	5	1
919	5	8
232	5	2
205	5	2
825	5	2
66	5	3
933	5	1
1344	5	4
266	5	5
5	5	3
1231	5	5
244	5	6
507	5	5
1230	5	4
1242	5	5
65	5	6
881	5	1
270	5	11
470	5	1
482	5	4
893	5	5
1245	5	5
777	5	1
402	5	4
16	5	5
736	5	4
97	5	6
474	5	5
744	5	1
264	5	8
0	5	0
397	5	4
260	5	8
320	6	5
476	6	5
200	6	4
507	6	5
736	6	4
335	6	5
307	6	0
933	6	2
572	6	5
211	6	5
429	6	6
1485	6	5
401	6	5
665	6	0
28	6	5
911	6	2
217	6	4
1473	6	11
886	6	2
38	6	5
12	6	7
67	6	5
9	6	2
1477	6	5
1029	6	5
97	6	5
8	6	6
574	6	6
1481	6	6
1537	6	6
1006	6	5
1024	6	5
270	6	11
394	6	5
902	6	5
433	6	3
1239	6	5
501	6	6
1410	6	5
283	6	4
1461	6	0
321	6	5
691	6	0
0	6	0
39	6	6
793	6	5
570	6	5
701	6	6
692	6	6
73	6	5
54	6	0
68	6	0
939	6	6
1580	6	5
598	6	5
319	6	6
421	6	5
438	6	5
985	6	6
759	6	5
932	6	5
1228	6	5
302	6	2
1242	6	5
677	6	5
686	6	6
360	6	6
1415	6	0
1433	6	5
84	6	4
435	6	5
914	6	0
990	6	2
835	6	2
716	6	5
730	6	6
1420	6	6
960	6	5
980	6	6
353	6	6
1486	6	0
992	6	0
1425	6	6
949	6	6
1414	6	5
464	6	3
316	6	3
1246	6	5
957	6	2
439	6	6
1569	6	5
1262	6	5
1500	6	3
751	6	2
469	6	0
445	6	5
1258	6	2
898	6	5
41	6	2
77	6	5
1592	6	6
422	6	5
1449	6	6
624	6	6
709	6	5
1263	6	4
565	6	2
1512	6	3
414	6	0
893	6	5
959	6	3
403	6	5
308	6	5
904	6	6
925	6	3
269	6	4
519	6	5
1455	6	0
1531	6	5
263	6	5
1513	6	6
942	6	5
1417	6	5
279	6	5
1450	6	6
740	6	6
929	6	6
930	6	2
462	6	6
280	6	6
284	6	6
732	6	5
781	6	5
935	6	5
227	6	7
1280	6	2
229	6	2
1496	6	3
475	6	3
971	6	5
556	6	2
1215	6	5
240	6	2
1256	6	5
940	6	5
1009	6	2
584	6	5
434	6	2
336	6	6
1245	6	5
858	6	6
711	6	5
1409	6	5
393	6	5
1470	6	6
387	6	0
741	6	5
294	6	5
567	6	5
65	6	6
1556	6	4
1510	6	4
24	6	5
1233	6	5
333	6	11
623	6	0
256	6	5
400	6	2
351	6	0
903	6	5
1219	7	5
1485	7	5
192	7	0
1378	7	3
1502	7	0
1410	7	5
1339	7	3
167	7	3
1494	7	6
1268	7	5
982	7	5
745	7	0
263	7	5
1553	7	3
1082	7	5
870	7	6
958	7	3
1335	7	2
1455	7	0
966	7	0
237	7	5
266	7	5
728	7	7
612	7	3
492	7	7
295	7	6
542	7	5
602	7	3
867	7	11
627	7	0
588	7	5
943	7	0
1427	7	5
652	7	4
960	7	5
1495	7	6
1287	7	6
1565	7	6
950	7	0
799	7	3
538	7	5
1441	7	5
1218	7	4
1290	7	3
676	7	5
1512	7	3
986	7	5
1019	7	3
1486	7	0
1231	7	5
1459	7	0
1449	7	6
1531	7	5
698	7	4
1439	7	3
624	7	6
721	7	3
1270	7	0
16	7	5
85	7	3
880	7	7
646	7	6
1496	7	3
565	7	4
20	7	3
598	7	2
864	7	6
44	7	3
1269	7	4
522	7	4
1236	7	5
1530	7	0
731	7	0
493	7	2
851	7	3
514	7	3
702	7	5
809	7	2
670	7	6
230	7	0
647	7	0
1537	7	6
1239	7	5
91	7	3
1419	7	3
1516	7	7
620	7	5
977	7	0
873	7	4
1324	7	2
632	7	3
808	7	3
747	7	3
555	7	0
1576	7	4
1338	7	0
804	7	11
874	7	3
9	7	2
376	7	4
1379	7	7
327	7	6
1340	7	3
944	7	9
1477	7	5
67	7	5
861	7	3
1559	7	11
551	7	4
545	7	0
1423	7	6
84	7	4
1341	7	4
0	7	0
1289	7	3
1347	7	3
1558	7	3
626	7	3
1433	7	5
228	7	6
1448	7	6
1532	7	0
1318	7	2
633	7	5
623	7	0
1513	7	6
47	7	6
1292	7	3
1220	7	0
1473	7	11
838	7	7
800	7	0
844	7	5
984	7	3
1515	7	4
1582	7	3
217	7	4
1546	7	4
79	7	3
622	7	5
1017	7	5
697	7	0
569	7	5
576	7	2
972	7	3
1226	7	4
1321	7	7
1581	7	4
1487	7	4
573	7	3
1420	7	6
836	7	4
578	7	5
819	7	9
1399	7	3
1383	7	6
1023	7	4
1550	7	1
1528	7	3
1326	7	0
1564	7	3
1250	7	5
1313	7	5
959	7	3
579	7	5
818	7	4
507	7	5
824	7	3
1510	7	2
213	7	5
219	7	2
82	7	5
1492	7	0
88	7	3
1215	7	5
280	7	6
1571	7	4
1390	7	0
1573	7	0
1417	7	5
1551	7	2
1034	7	3
1018	7	3
93	7	3
1406	7	0
28	7	5
729	7	2
648	7	3
498	7	3
628	7	5
617	7	5
973	7	4
58	7	5
1556	7	4
644	7	5
740	7	6
1343	7	5
681	7	0
663	7	7
655	7	6
328	7	5
1372	7	3
66	7	4
998	7	5
554	7	0
639	7	3
15	7	2
741	7	5
876	7	0
772	7	5
1024	7	5
686	7	6
1456	7	3
268	7	6
600	7	5
1020	7	3
41	7	2
822	7	3
665	7	0
1543	7	4
806	7	5
178	7	4
1542	7	6
1500	7	3
759	7	5
1295	7	3
525	7	5
939	7	6
351	7	0
642	7	5
1350	7	6
1214	7	5
591	7	3
1333	7	4
842	7	0
597	7	3
883	7	4
618	7	3
1405	7	3
1439	8	3
944	8	9
655	8	6
978	8	6
838	8	7
1341	8	4
808	8	3
351	8	0
1410	8	5
1119	8	2
228	8	6
836	8	4
1531	8	5
70	8	2
864	8	6
114	8	3
940	8	5
638	8	3
132	8	4
1494	8	6
875	8	5
291	8	0
939	8	6
1459	8	0
1421	8	3
587	8	0
149	8	4
94	8	3
862	8	5
1536	8	0
0	8	0
76	8	3
849	8	5
1451	8	6
1011	8	3
844	8	5
255	8	3
943	8	0
36	8	4
806	8	5
47	8	6
1569	8	4
853	8	0
1020	8	3
1492	8	0
140	8	3
827	8	0
822	8	3
871	8	6
138	8	3
1454	8	6
5	8	3
195	8	4
1508	8	5
124	8	5
1382	8	0
103	8	0
998	8	5
1313	8	5
1557	8	3
597	8	3
1480	8	5
69	8	3
1572	8	3
1427	8	5
662	8	3
1479	8	0
316	8	3
818	8	4
150	8	7
702	8	5
133	8	5
127	8	0
1513	8	6
1435	8	4
624	8	6
958	8	3
100	8	6
1592	8	6
1510	8	5
1289	8	3
831	8	4
805	8	4
810	8	0
1524	8	4
874	8	3
1455	8	0
1539	8	3
1396	8	5
167	8	3
1529	8	3
857	8	0
157	8	5
104	8	0
321	8	5
950	8	0
1147	8	3
1399	8	3
1559	8	11
1585	8	3
1520	8	5
193	8	5
861	8	3
1464	8	4
222	8	0
1414	8	5
178	8	11
1512	8	3
1463	8	3
1294	8	3
1299	8	6
677	8	5
819	8	9
659	8	0
860	8	5
169	8	4
993	8	0
1425	8	6
102	8	9
886	8	0
1292	8	3
232	8	2
1343	8	5
617	8	5
883	8	4
850	8	0
630	8	3
1420	8	6
666	8	0
598	8	2
967	8	6
1570	8	3
1339	8	3
1462	8	3
1528	8	3
356	8	0
828	8	5
1438	8	5
307	8	0
713	8	3
1152	8	3
615	8	3
166	8	0
801	8	3
337	8	3
639	8	3
1449	8	6
1466	8	3
1514	8	3
270	8	11
105	8	3
880	8	7
1470	8	6
1551	8	2
96	8	5
1547	8	5
1008	8	4
859	8	6
121	8	0
1502	8	0
1473	8	11
1419	8	3
942	8	5
93	8	3
112	8	4
10	8	6
192	8	0
1134	8	9
815	8	6
962	8	3
1457	8	3
1290	8	3
983	8	3
1018	8	3
1553	8	3
117	8	5
1034	8	3
643	8	3
648	8	3
129	8	4
179	8	4
665	8	0
1407	8	3
966	8	0
749	9	2
677	9	5
984	9	3
1481	9	6
1160	9	4
1495	9	6
107	9	5
347	9	3
1138	9	5
488	9	4
1324	9	10
1511	9	4
1565	9	6
1012	9	2
353	9	6
1358	9	4
1216	9	8
1222	9	5
163	9	8
100	9	6
663	9	7
548	9	4
318	9	2
987	9	3
1444	9	2
1313	9	5
1463	9	3
1427	9	5
1327	9	3
521	9	3
1297	9	3
1150	9	0
653	9	6
969	9	8
1116	9	8
119	9	5
1256	9	5
1309	9	0
648	9	3
717	9	6
172	9	3
110	9	3
45	9	8
545	9	0
611	9	5
903	9	5
218	9	8
1131	9	7
973	9	4
148	9	3
534	9	4
349	9	8
209	9	6
742	9	5
491	9	0
67	9	5
47	9	6
1525	9	5
1478	9	5
950	9	0
1295	9	3
515	9	0
522	9	4
1537	9	6
513	9	6
1290	9	3
1317	9	8
692	9	6
1442	9	8
102	9	9
25	9	4
591	9	3
507	9	5
351	9	0
767	9	8
735	9	4
327	9	6
54	9	0
1228	9	5
780	9	0
1424	9	8
487	9	8
1122	9	3
1372	9	3
1258	9	2
149	9	4
1158	9	4
486	9	4
1197	9	6
1307	9	6
616	9	3
1013	9	2
630	9	6
752	9	9
1466	9	3
383	9	7
776	9	3
1184	9	5
1505	9	6
143	9	0
495	9	8
1592	9	6
1553	9	3
1245	9	5
1017	9	5
1365	9	3
142	9	2
1031	9	0
1304	9	4
1588	9	4
205	9	2
48	9	3
78	9	3
709	9	5
203	9	6
713	9	3
609	9	8
1253	9	5
287	9	8
208	9	8
510	9	4
496	9	4
493	9	2
765	9	0
1510	9	5
957	9	2
305	9	8
36	9	4
346	9	4
68	9	0
999	9	6
240	9	2
1558	9	3
1237	9	4
968	9	8
1167	9	8
605	9	3
3	9	2
528	9	8
929	9	6
1369	9	2
7	9	5
1446	9	6
150	9	7
608	9	5
333	9	11
900	9	2
1282	9	5
328	9	5
1263	9	4
1522	9	0
705	9	2
1284	9	3
989	9	5
1434	9	7
265	9	6
574	9	6
696	9	4
1410	9	5
1310	9	0
51	9	8
514	9	3
992	9	0
695	9	3
1130	9	5
1219	9	5
18	9	8
1456	9	3
1576	9	4
647	9	0
1420	9	6
689	9	2
1014	9	3
645	9	5
1113	9	5
642	9	5
555	9	0
1024	9	5
1321	9	7
925	9	3
967	9	6
602	9	3
1378	9	3
1377	9	8
652	9	4
940	9	5
625	9	8
637	9	2
541	9	3
1028	9	8
74	9	3
1486	9	0
169	9	3
1162	9	5
573	9	3
32	9	3
308	9	5
1349	9	8
1551	9	2
1305	9	8
595	9	3
217	9	4
268	9	6
1215	9	5
626	9	3
1283	9	3
888	9	6
1006	9	5
905	9	7
115	9	4
716	9	5
44	9	3
995	9	4
1168	9	6
247	9	1
1301	9	8
1425	9	6
1220	9	0
1292	9	3
1202	9	5
290	9	0
1539	9	3
1218	9	4
359	9	8
722	9	3
84	9	4
1383	9	6
283	9	4
1580	9	5
366	9	4
622	9	5
342	9	4
1376	9	0
1364	9	10
1467	9	8
72	9	3
8	9	6
747	9	3
759	9	5
6	9	4
132	9	2
971	9	5
31	9	6
235	9	4
1242	9	5
323	9	8
529	9	6
191	9	5
1443	9	6
141	9	5
603	9	8
96	9	5
138	9	3
694	9	5
520	9	4
1354	9	0
1421	9	3
897	9	5
1485	9	5
781	9	5
1556	9	4
39	9	6
291	9	0
173	9	8
76	9	3
604	9	2
1029	9	5
133	9	5
553	9	8
501	9	6
1350	9	6
731	9	0
751	9	2
307	9	0
237	9	5
1441	9	7
1268	9	5
238	9	4
276	9	0
1399	9	3
623	9	0
561	9	3
1583	9	6
1542	9	6
1367	9	5
1382	9	0
1570	9	3
1240	9	8
1264	9	5
691	9	0
1475	9	0
1203	9	7
1515	9	4
1140	9	8
753	9	4
1535	9	4
1464	9	5
1134	9	9
23	9	3
1447	9	2
284	9	6
1217	9	5
1419	9	3
1471	9	8
965	9	8
1133	9	6
552	9	6
357	9	6
531	9	3
935	9	5
1564	9	3
122	9	8
1164	9	4
1236	9	5
1373	9	0
362	9	9
489	9	8
1189	9	6
1516	9	7
741	9	5
1514	9	3
1457	9	3
1176	9	5
953	9	3
1154	9	3
632	9	3
715	9	9
19	9	8
263	9	5
754	9	0
530	9	8
649	9	3
978	9	6
497	9	8
1194	9	7
1451	9	6
1361	9	8
1336	9	5
1299	9	6
368	9	3
746	9	5
628	9	5
1001	9	3
382	9	3
1152	9	3
1559	9	11
310	9	2
356	9	0
4	9	0
1540	9	4
1509	9	5
341	9	3
337	9	3
718	9	4
895	9	0
64	9	2
1414	9	5
683	9	2
232	9	2
166	9	0
1465	9	4
140	9	3
1483	9	0
1163	9	3
1356	9	11
588	9	5
634	9	4
1210	9	4
1530	9	0
1480	9	5
20	9	6
120	9	6
615	9	6
1289	9	3
1161	9	0
300	9	8
1169	9	6
1388	9	4
248	9	1
27	10	6
1115	10	5
1214	10	5
849	10	5
850	10	0
952	10	7
867	10	11
1506	10	5
73	10	5
1568	10	2
1312	10	6
1318	10	2
1458	10	5
193	10	5
1480	10	5
1281	10	2
7	10	5
86	10	6
872	10	2
1547	10	7
864	10	6
18	10	8
196	10	5
1208	10	10
1266	10	4
1354	10	2
85	10	3
819	10	2
1541	10	2
1219	10	5
1278	10	2
1220	10	0
1217	10	5
1417	10	5
4	10	0
137	10	2
1584	10	6
1563	10	0
141	10	5
961	10	2
58	10	5
1203	10	6
984	10	3
54	10	0
1495	10	6
970	10	2
1031	10	0
1256	10	5
1113	10	5
1225	10	5
47	10	6
113	10	6
1356	10	11
1571	10	6
1386	10	9
1516	10	7
793	10	5
1510	10	2
962	10	3
1459	10	0
1268	10	5
106	10	5
1454	10	6
980	10	6
953	10	3
1587	10	2
990	10	2
1500	10	3
1182	10	6
152	10	9
875	10	5
1530	10	0
80	10	3
29	10	6
1236	10	5
1397	10	9
1367	10	5
145	10	9
149	10	4
1414	10	5
852	10	9
988	10	2
982	10	5
1006	10	5
1004	10	8
1575	10	5
0	10	0
1325	10	6
1485	10	5
1477	10	5
103	10	0
153	10	3
1529	10	3
55	10	7
831	10	4
1375	10	5
1509	10	5
75	10	0
26	10	0
89	10	9
844	10	5
124	10	5
1226	10	4
871	10	6
94	10	3
1494	10	6
28	10	5
1242	10	5
992	10	2
1262	10	5
1008	10	4
10	10	6
1245	10	5
1565	10	6
1579	10	0
951	10	6
1228	10	5
1473	10	11
1274	10	5
1305	10	8
114	10	6
1248	10	9
1461	10	0
787	10	6
1472	10	4
1015	10	6
1505	10	6
14	10	8
940	10	5
1583	10	3
185	10	6
1577	10	9
1513	10	6
82	10	5
168	10	2
815	10	6
1443	10	6
1428	10	6
1	10	0
803	10	9
954	10	7
999	10	5
1027	10	5
1376	10	0
1580	10	10
811	10	12
38	10	5
846	10	2
1487	10	4
87	10	6
1221	10	5
1492	10	0
176	10	6
1010	10	6
1273	10	5
938	10	5
67	10	5
1410	10	5
37	10	8
880	10	7
1333	10	4
1224	10	9
1479	10	0
39	10	6
1303	10	2
1592	10	6
1422	10	5
1450	10	5
948	10	5
1204	10	2
150	10	7
1385	10	2
1032	10	5
1215	10	5
950	10	0
967	10	6
853	10	0
156	10	0
1184	10	5
985	10	5
192	10	0
1442	10	8
1481	10	6
1114	10	5
1250	10	5
1578	10	2
91	10	3
1339	10	3
104	10	0
1357	10	4
873	10	0
692	11	6
1422	11	5
65	11	6
354	11	0
301	11	0
93	11	3
781	11	5
1384	11	9
707	11	4
731	11	0
14	11	8
651	11	3
72	11	6
588	11	5
622	11	5
600	11	5
782	11	6
631	11	2
699	11	5
71	11	1
709	11	5
767	11	8
32	11	3
770	11	1
632	11	3
1304	11	4
36	11	4
1451	11	6
752	11	9
9	11	2
1023	11	2
1027	11	5
1411	11	0
647	11	0
628	11	5
711	11	5
1488	11	7
953	11	3
639	11	3
74	11	3
669	11	7
780	11	0
748	11	5
979	11	3
1433	11	5
37	11	8
38	11	5
942	11	5
1424	11	8
765	11	0
654	11	8
90	11	2
701	11	6
730	11	6
652	11	4
604	11	2
772	11	5
1492	11	0
84	11	4
662	11	3
625	11	8
593	11	8
735	11	4
18	11	8
687	11	5
743	11	6
596	11	8
89	11	9
648	11	3
740	11	6
722	11	6
608	11	5
685	11	1
64	11	2
40	11	3
623	11	0
705	11	2
44	11	3
784	11	3
606	11	7
1456	11	3
16	11	5
75	11	0
1399	11	1
2	11	1
721	11	3
758	11	6
736	11	4
618	11	3
52	11	1
1022	11	7
1363	11	1
620	11	5
769	11	4
1360	11	4
627	11	0
54	11	0
55	11	7
58	11	5
599	11	1
642	11	5
686	11	6
79	11	3
605	11	3
12	11	7
655	11	6
7	11	5
591	11	3
66	11	4
688	11	1
45	11	8
20	11	6
1444	11	1
616	11	3
676	11	5
1400	11	3
42	11	2
48	11	3
95	11	8
1021	11	2
66	12	4
90	12	0
89	12	9
715	12	9
1389	12	3
1	12	0
83	12	4
1381	12	0
1348	12	1
1314	12	8
1341	12	4
1358	12	4
1297	12	3
87	12	4
759	12	5
1312	12	6
25	12	4
784	12	3
1308	12	8
734	12	0
690	12	2
72	12	1
68	12	0
22	12	3
1362	12	4
34	12	4
1306	12	6
70	12	2
1328	12	1
1356	12	11
43	12	3
75	12	0
15	12	2
26	12	0
691	12	0
1302	12	2
728	12	7
727	12	1
1310	12	0
31	12	6
40	12	3
67	12	5
84	12	4
29	12	4
14	12	8
1329	12	8
700	12	1
6	12	4
1339	12	3
1327	12	3
1316	12	1
1365	12	3
37	12	8
7	12	5
45	12	8
716	12	5
1326	12	0
1330	12	0
1390	12	0
1321	12	7
11	12	1
0	12	0
17	12	4
1377	12	8
1387	12	0
1382	12	0
741	12	5
1303	12	4
1309	12	2
1349	12	8
1344	12	4
1318	12	2
1364	12	2
713	12	3
1361	12	8
1359	12	4
18	12	8
738	12	2
753	12	1
723	12	1
81	12	7
717	12	6
74	12	3
1391	12	1
1319	12	3
699	12	5
1355	12	1
1376	12	0
1325	12	4
1346	12	1
3	12	2
51	12	8
1373	12	0
82	12	5
752	12	9
59	12	1
1406	13	1
1405	13	3
740	13	6
183	13	1
968	13	8
884	13	1
640	13	1
228	13	6
332	13	1
894	13	1
1162	13	5
580	13	1
15	13	2
249	13	2
565	13	2
1154	13	3
455	13	1
485	13	2
972	13	3
1559	13	11
605	13	3
1514	13	3
1577	13	1
746	13	5
314	13	0
736	13	4
1157	13	8
877	13	1
1177	13	6
32	13	3
1025	13	1
709	13	5
600	13	5
297	13	0
1202	13	5
358	13	1
1448	13	6
965	13	8
1357	13	0
1239	13	5
1544	13	1
1005	13	2
716	13	5
375	13	1
1313	13	5
378	13	2
880	13	7
319	13	6
967	13	6
187	13	2
1362	13	1
367	13	1
157	13	5
7	13	5
571	13	6
1197	13	7
896	13	2
10	13	6
829	13	5
532	13	2
1500	13	3
1592	13	6
787	13	5
1355	13	1
47	13	6
1345	13	1
657	13	1
126	13	9
730	13	6
1211	13	1
1365	13	3
991	13	8
1437	13	8
1381	13	0
1376	13	0
745	13	0
595	13	3
522	13	4
1121	13	8
172	13	3
119	13	5
771	13	1
1408	13	1
1582	13	3
933	13	2
1146	13	5
1137	13	1
547	13	5
897	13	5
258	13	4
1198	13	0
1147	13	3
36	13	4
1299	13	6
368	13	1
1292	13	3
1366	13	1
969	13	8
268	13	6
25	13	4
521	13	3
966	13	0
49	13	1
1410	13	5
1460	13	1
271	13	6
873	13	0
1528	13	3
1532	13	0
845	13	3
1242	13	5
1529	13	3
621	13	2
1188	13	2
223	13	1
1422	13	5
320	13	5
1535	13	4
1384	13	7
1585	13	3
38	13	5
21	13	1
791	13	1
1524	13	4
1288	13	3
1502	13	0
761	13	1
517	13	1
1212	13	1
598	13	5
811	13	12
953	13	3
462	13	6
970	13	2
452	13	2
1393	13	0
614	13	2
152	13	1
706	13	0
866	13	8
1463	13	1
131	13	6
554	13	0
173	13	8
1287	13	6
107	13	5
1260	13	1
1019	13	3
376	13	1
1435	13	4
535	13	2
737	13	2
1020	13	6
71	13	1
850	13	0
447	13	2
800	13	2
138	13	3
1181	13	8
232	13	2
1322	13	2
1459	13	0
1429	13	2
693	13	1
254	13	1
914	13	2
203	13	6
1580	13	5
1401	13	8
977	13	0
938	13	7
1431	13	1
994	13	2
270	13	11
82	13	5
511	13	9
831	13	4
1175	13	2
27	13	6
947	13	1
940	13	5
120	13	6
960	13	5
558	13	1
1526	13	1
803	13	1
582	13	2
1476	13	1
888	13	6
551	13	4
262	13	1
1497	13	1
61	13	6
729	13	5
585	13	2
200	13	4
1219	13	5
169	13	4
1133	13	6
700	13	1
286	13	6
1386	13	1
852	13	1
1252	13	1
1263	13	4
819	13	2
1152	13	3
538	13	5
1415	13	0
1403	13	1
1338	13	0
1536	13	0
114	13	7
1001	13	3
814	13	6
1477	13	5
127	13	0
395	13	5
5	13	3
1138	13	5
946	13	1
1498	13	2
1015	13	6
1194	13	7
925	13	3
711	13	5
108	13	5
1332	13	2
1271	13	1
1245	13	5
385	13	5
817	13	1
1250	13	5
1244	13	1
382	13	3
770	13	1
1294	13	1
1320	13	1
213	13	5
1462	13	3
1395	13	5
943	13	0
44	13	3
937	13	2
392	13	1
259	13	6
1564	13	3
1578	13	2
882	13	1
1364	13	2
762	13	1
863	13	1
1196	13	7
148	13	3
1346	13	1
110	13	3
697	13	0
568	13	6
500	13	4
137	13	2
401	13	5
1166	13	1
796	13	1
842	13	0
1540	13	2
902	13	5
924	13	1
910	13	1
1449	13	6
1484	13	1
930	13	1
129	13	5
102	13	1
1534	13	1
527	13	1
1310	13	0
241	13	5
1560	13	1
279	13	5
1413	13	4
1012	13	2
533	13	1
1226	13	4
920	13	1
1290	13	3
1027	13	5
1568	13	2
261	13	2
1383	13	6
859	13	6
1208	13	10
1557	13	3
935	13	5
1576	13	4
118	13	1
539	13	1
50	13	0
212	13	1
125	13	6
1402	13	1
869	13	6
1330	13	0
1278	13	2
1443	13	6
1487	13	4
541	13	3
191	13	5
1417	13	5
335	13	5
576	13	2
692	13	6
327	13	6
1548	13	1
768	13	1
156	13	0
1192	13	0
1311	13	2
351	13	0
1561	13	4
958	13	3
828	13	6
343	13	2
573	13	3
704	13	1
1399	13	3
353	13	6
124	13	5
54	13	0
523	13	1
917	13	1
73	13	5
155	13	3
1227	13	1
782	13	6
1493	13	1
609	13	8
786	13	1
273	13	2
1427	13	5
631	13	2
1266	13	4
555	13	0
998	13	5
1174	13	1
788	13	1
1456	13	3
907	13	6
1574	13	2
170	13	1
1153	13	1
409	13	2
435	13	5
792	13	1
381	13	1
92	13	1
176	13	6
835	13	2
1538	13	2
1178	13	2
76	13	3
227	13	7
912	13	1
16	13	5
628	13	5
182	13	1
276	13	0
549	13	1
1127	13	1
759	13	5
1545	13	2
387	13	0
1445	13	8
1530	13	0
823	13	1
267	13	1
801	13	3
719	13	5
364	13	1
1132	13	1
1258	13	2
135	13	2
1351	13	3
158	13	8
1565	13	6
749	13	2
664	13	1
1458	13	5
1520	13	5
623	13	0
437	13	1
1331	13	2
1551	13	2
833	13	0
89	13	1
220	13	1
1284	13	3
795	13	8
361	13	1
952	13	5
159	13	2
1316	13	1
17	13	2
1033	13	1
754	13	0
804	13	11
885	13	1
291	13	0
433	13	3
410	13	2
318	13	2
9	13	2
839	13	1
1411	13	0
308	13	5
868	13	8
1518	13	1
1588	13	4
1024	13	5
3	13	2
1521	13	1
1537	13	6
1010	13	6
117	13	5
604	13	2
1508	13	5
30	13	1
514	13	3
1442	13	8
1572	13	3
1309	13	0
1370	13	4
1418	13	1
237	13	5
75	13	0
280	13	6
356	13	0
1023	13	4
338	13	1
1348	13	1
985	13	6
881	13	1
490	13	1
1291	13	1
1185	13	6
1392	13	1
1251	13	2
1328	13	1
820	13	1
1183	13	8
507	13	5
1150	13	0
975	13	2
1140	13	8
691	13	0
301	13	0
1583	13	3
1234	13	1
531	13	3
955	13	1
272	13	5
890	13	1
734	13	0
862	13	5
525	13	5
1156	13	1
234	13	1
1117	13	1
832	13	2
72	13	1
1593	13	1
78	13	3
1280	13	1
526	13	3
837	13	1
2	13	1
105	13	3
847	13	8
420	13	5
564	13	1
1241	13	1
310	13	2
945	13	1
277	13	1
757	13	1
721	13	3
728	13	7
103	13	0
997	13	0
68	13	0
1407	13	3
714	13	0
93	13	3
638	13	1
1513	13	6
1466	13	3
1481	13	6
79	13	1
505	13	4
665	13	0
1206	13	1
1552	13	1
1031	13	0
468	13	3
929	13	6
57	13	2
403	13	5
934	13	6
1495	13	6
1483	13	0
1455	13	0
855	13	8
781	13	5
397	13	3
99	13	1
294	13	5
1143	13	1
515	13	0
1473	13	11
589	13	2
830	13	2
854	13	6
1254	13	4
1016	13	1
333	13	11
96	13	5
680	13	1
906	13	5
1231	13	5
743	13	1
733	13	6
1126	13	2
1589	13	2
723	13	1
989	13	5
302	13	2
322	13	0
941	13	2
1000	13	8
1262	13	5
765	13	0
848	13	8
900	13	2
493	13	2
1512	13	3
349	13	5
738	13	2
1590	13	0
492	13	7
713	13	3
1230	13	5
141	13	5
1031	14	0
314	14	0
450	14	2
714	14	0
756	14	4
476	14	5
703	14	8
438	14	5
313	14	4
1293	14	3
738	14	4
579	14	5
352	14	8
13	14	2
997	14	0
202	14	4
1018	14	3
1281	14	0
1465	14	2
434	14	1
972	14	3
572	14	5
943	14	0
1479	14	0
777	14	4
69	14	3
1224	14	4
218	14	8
1000	14	8
471	14	8
769	14	4
691	14	0
693	14	4
1558	14	3
960	14	5
710	14	8
220	14	4
969	14	8
557	14	5
1287	14	3
1440	14	4
1496	14	3
22	14	3
497	14	8
1417	14	5
405	14	4
947	14	3
264	14	8
576	14	0
448	14	4
1374	14	5
583	14	8
1570	14	3
1286	14	3
356	14	0
452	14	4
562	14	4
345	14	3
45	14	8
571	14	3
419	14	4
94	14	3
374	14	2
959	14	3
751	14	2
329	14	2
781	14	5
372	14	5
1419	14	3
1028	14	8
335	14	5
1422	14	5
377	14	0
95	14	8
1265	14	4
1421	14	3
214	14	4
467	14	8
1252	14	2
762	14	4
753	14	4
1238	14	4
527	14	4
508	14	0
273	14	4
487	14	8
215	14	8
350	14	3
363	14	3
354	14	0
75	14	0
327	14	3
740	14	3
204	14	8
246	14	4
1529	14	4
1269	14	4
1588	14	4
279	14	5
38	14	5
411	14	3
415	14	3
953	14	3
757	14	4
1560	14	4
14	14	8
1034	14	3
322	14	0
709	14	5
963	14	4
1448	14	3
964	14	2
441	14	5
47	14	6
570	14	5
252	14	4
1459	14	0
211	14	5
48	14	3
542	14	5
97	14	5
300	14	8
952	14	5
685	14	4
1438	14	5
528	14	8
1538	14	4
1545	14	4
1013	14	2
491	14	2
1515	14	4
1021	14	1
957	14	2
1511	14	0
223	14	4
724	14	0
1231	14	5
79	14	3
37	14	8
277	14	4
229	14	8
1247	14	5
938	14	5
1527	14	4
24	14	7
1274	14	5
729	14	2
1251	14	4
1559	14	11
320	14	5
575	14	5
219	14	2
561	14	3
85	14	3
704	14	4
28	14	5
1240	14	8
530	14	8
695	14	3
367	14	4
302	14	2
413	14	3
1480	14	5
326	14	2
784	14	3
409	14	4
1590	14	0
70	14	2
40	14	3
984	14	3
298	14	4
373	14	4
205	14	8
507	14	5
312	14	4
428	14	0
569	14	4
1498	14	4
64	14	0
50	14	0
1504	14	3
582	14	2
351	14	0
1257	14	0
548	14	4
321	14	5
1573	14	0
1262	14	5
1213	14	5
1505	14	6
263	14	5
1501	14	8
485	14	4
232	14	2
566	14	3
436	14	0
1473	14	11
7	14	5
208	14	8
1563	14	0
1232	14	0
504	14	4
755	14	4
375	14	4
465	14	0
715	14	4
539	14	4
1288	14	3
773	14	2
464	14	3
44	14	3
366	14	2
400	14	2
987	14	3
1481	14	3
401	14	5
993	14	0
19	14	8
1495	14	6
454	14	2
265	14	6
492	14	7
199	14	4
1406	14	0
231	14	4
550	14	5
259	14	6
227	14	7
364	14	4
523	14	4
288	14	4
1547	14	5
343	14	2
577	14	8
365	14	0
1264	14	5
318	14	4
1239	14	5
460	14	11
1551	14	2
435	14	5
358	14	4
1246	14	5
459	14	5
65	14	6
494	14	0
1009	14	4
531	14	3
1582	14	3
26	14	0
90	14	0
1273	14	5
291	14	0
453	14	11
939	14	6
368	14	4
725	14	8
33	14	2
308	14	5
1024	14	5
950	14	0
498	14	3
307	14	0
766	14	4
289	14	8
1228	14	5
262	14	4
949	14	6
424	14	0
253	14	0
348	14	5
1017	14	5
488	14	5
334	14	5
389	14	3
1280	14	4
388	14	0
462	14	6
533	14	4
1579	14	0
1215	14	5
942	14	5
278	14	4
1530	14	0
1282	14	5
1254	14	4
52	14	4
553	14	8
80	14	3
552	14	3
1516	14	5
551	14	4
1259	14	4
421	14	5
1268	14	5
514	14	3
207	14	4
747	14	3
230	14	0
512	14	4
286	14	6
783	14	5
43	14	3
989	14	5
503	14	3
782	14	3
980	14	3
713	14	4
869	15	6
544	15	6
1289	15	3
991	15	8
939	15	6
1359	15	6
1307	15	6
602	15	3
1345	15	2
867	15	11
1340	15	3
1006	15	5
717	15	6
859	15	3
1582	15	3
654	15	8
1519	15	2
245	15	5
362	15	9
319	15	6
607	15	8
1581	15	6
1347	15	3
1335	15	2
1369	15	2
662	15	3
1292	15	3
1507	15	8
1572	15	3
532	15	2
82	15	5
486	15	9
540	15	6
1336	15	5
1501	15	8
330	15	5
1561	15	9
218	15	8
374	15	2
962	15	3
682	15	6
982	15	5
326	15	2
290	15	0
992	15	0
297	15	0
359	15	8
633	15	5
1585	15	3
746	15	5
1367	15	5
830	15	2
1363	15	4
9	15	2
627	15	0
860	15	6
356	15	0
949	15	6
620	15	5
625	15	8
350	15	6
1559	15	11
300	15	8
665	15	0
56	15	2
973	15	2
1356	15	11
616	15	3
351	15	0
1536	15	0
1590	15	0
1364	15	10
637	15	10
619	15	2
694	15	5
8	15	6
1533	15	5
1034	15	3
310	15	2
1382	15	0
856	15	3
1247	15	5
958	15	3
1011	15	3
666	15	0
608	15	5
1024	15	5
1495	15	6
669	15	6
1341	15	6
687	15	2
1288	15	3
1000	15	8
1352	15	3
1512	15	3
1558	15	3
68	15	0
251	15	9
24	15	6
629	15	2
250	15	2
288	15	2
66	15	6
1330	15	0
366	15	2
874	15	3
663	15	7
639	15	3
502	15	7
957	15	2
1532	15	0
1516	15	7
978	15	6
960	15	5
997	15	0
1557	15	3
1574	15	2
545	15	0
655	15	6
360	15	6
353	15	6
1222	15	5
782	15	6
378	15	2
1314	15	8
1584	15	6
31	15	6
323	15	8
371	15	0
606	15	6
1505	15	6
1022	15	7
263	15	5
301	15	0
27	15	6
1552	15	3
1529	15	3
968	15	8
815	15	6
983	15	3
1563	15	0
314	15	0
1377	15	8
873	15	0
320	15	5
1528	15	3
343	15	2
280	15	6
1515	15	4
1530	15	0
55	15	7
516	15	2
1503	15	6
488	15	5
942	15	5
1332	15	2
46	15	6
1365	15	3
593	15	8
1564	15	3
1522	15	0
1001	15	3
564	15	6
1020	15	3
1310	15	0
605	15	3
984	15	3
282	15	2
4	16	0
1383	17	6
451	17	0
492	17	7
1413	17	4
319	17	6
1249	17	8
343	17	2
446	17	3
78	17	3
542	17	5
1245	17	5
219	17	2
494	17	0
84	17	4
496	17	4
1261	17	3
875	17	5
1218	17	4
18	17	8
321	17	5
1481	17	6
1147	17	3
795	17	8
85	17	3
883	17	4
900	17	2
90	17	2
363	17	3
802	17	8
1291	17	3
284	17	6
1125	17	5
280	17	6
1243	17	2
227	17	7
1133	17	6
422	17	5
283	17	4
804	17	11
1270	17	0
1198	17	0
805	17	4
502	17	4
581	17	4
893	17	5
459	17	5
1216	17	8
501	17	6
260	17	8
848	17	8
1220	17	0
488	17	4
1121	17	8
814	17	6
9	17	5
24	17	4
702	17	5
1257	17	0
243	17	3
1167	17	8
412	17	3
1203	17	7
366	17	2
391	17	5
239	17	8
1173	17	3
1282	17	5
51	17	8
62	17	8
300	17	8
798	17	4
731	17	0
1279	17	8
298	17	8
353	17	6
1161	17	0
1114	17	5
537	17	4
1307	17	6
1181	17	8
809	17	2
491	17	0
1164	17	4
1228	17	5
1532	17	0
571	17	6
288	17	4
538	17	5
4	17	0
384	17	0
1118	17	0
907	17	6
1162	17	5
1206	17	3
545	17	0
286	17	6
1225	17	5
801	17	3
536	17	7
759	17	5
305	17	8
872	17	5
308	17	5
1140	17	8
543	17	0
495	17	8
1155	17	5
572	17	5
540	17	6
847	17	8
316	17	3
88	17	3
476	17	5
767	17	8
356	17	0
1537	17	6
741	17	5
705	17	2
822	17	3
320	17	5
1154	17	3
1524	17	4
409	17	2
909	17	4
1305	17	8
65	17	6
752	17	9
1295	17	3
479	17	3
445	17	5
1470	17	6
471	17	8
905	17	7
551	17	4
1185	17	6
350	17	6
1246	17	5
294	17	5
269	17	2
1491	17	4
318	17	2
371	17	0
48	17	3
467	17	8
441	17	5
482	17	3
258	17	4
474	17	5
553	17	8
576	17	2
400	17	2
1200	17	6
747	17	3
1123	17	3
1179	17	0
431	17	4
570	17	5
569	17	5
395	17	5
1236	17	5
729	17	5
888	17	6
584	17	5
1215	17	5
853	17	0
1176	17	5
1539	17	3
354	17	0
200	17	4
256	17	5
868	17	8
1449	17	6
486	17	4
333	17	11
345	17	3
1197	17	6
898	17	4
513	17	3
564	17	3
6	17	4
1131	17	7
892	17	2
507	17	5
417	17	3
347	17	3
80	17	3
709	17	5
1115	17	6
1443	17	6
498	17	3
831	17	4
327	17	6
414	17	0
1475	17	0
1130	17	5
550	17	5
382	17	3
1124	17	2
1315	17	0
433	17	3
1258	17	2
852	17	4
855	17	8
1349	17	8
77	17	5
689	17	2
73	17	5
206	17	3
836	17	4
233	17	4
314	17	0
241	17	6
315	17	8
42	17	2
799	17	3
575	17	5
1423	17	4
772	17	5
23	17	3
843	17	2
899	17	8
1213	17	5
1219	17	5
393	17	5
453	17	11
483	17	5
328	17	5
435	17	5
716	17	5
1233	17	5
1294	17	3
458	17	5
500	17	4
1208	17	10
733	17	6
1116	17	8
579	17	5
291	17	0
302	17	2
1264	17	5
442	17	5
28	17	5
290	17	0
429	17	6
691	17	0
1502	18	0
29	18	6
627	18	0
194	18	5
642	18	5
669	18	6
661	18	6
612	18	3
1566	18	6
1465	18	4
408	18	3
1536	18	0
1589	18	2
1306	18	6
1481	18	6
670	18	3
150	18	6
1440	18	1
1492	18	0
1318	18	0
666	18	0
1415	18	0
453	18	11
1568	18	2
436	18	0
643	18	3
632	18	3
1312	18	3
925	18	3
145	18	7
617	18	5
1381	18	0
629	18	2
1466	18	3
1189	18	6
1168	18	5
587	18	0
655	18	6
183	18	1
898	18	6
399	18	6
620	18	5
908	18	10
1138	18	5
626	18	3
886	18	0
653	18	6
1185	18	6
1172	18	6
458	18	2
138	18	3
606	18	6
1370	18	4
1478	18	5
889	18	2
1182	18	6
1132	18	4
395	18	5
1546	18	2
676	18	5
910	18	3
1177	18	6
9	18	5
630	18	3
105	18	3
28	19	5
73	19	5
12	19	7
70	19	2
982	20	5
709	20	5
1025	20	1
770	20	4
1017	20	5
691	20	0
706	20	0
711	20	2
1027	20	5
1533	20	5
1511	20	0
688	20	4
60	20	7
699	20	5
1535	20	4
968	20	8
694	20	6
96	20	5
1147	21	3
1150	21	0
1141	21	0
1121	21	8
1123	21	3
1149	21	8
10	21	6
123	21	3
183	21	4
1167	21	8
1211	21	1
1162	21	5
1181	21	8
1154	21	3
1202	21	5
12	22	7
709	23	5
853	23	0
864	23	6
845	23	3
799	23	3
843	23	2
862	23	5
108	23	5
36	23	4
833	23	0
850	23	0
22	23	3
851	23	3
861	23	3
824	23	3
872	23	5
701	23	6
25	23	4
875	23	5
27	23	6
881	23	4
801	23	3
1491	23	4
858	23	6
1483	23	0
1457	23	3
811	23	12
1145	23	9
867	23	11
827	23	0
819	23	9
728	24	5
307	24	0
310	24	4
1283	24	3
343	24	2
344	24	3
306	24	2
531	24	3
692	24	6
741	24	5
496	24	4
507	24	5
292	24	8
769	24	4
314	24	0
775	24	4
286	24	6
560	24	4
753	24	2
213	24	5
362	24	7
1287	24	6
529	24	6
271	24	6
551	24	4
735	24	4
501	24	6
772	24	5
745	24	0
518	24	6
91	24	3
713	24	3
740	24	6
516	24	2
357	24	6
284	24	6
336	24	6
576	24	2
548	24	4
297	24	0
568	24	6
287	24	8
494	24	0
217	24	4
500	24	4
294	24	5
263	24	5
492	24	7
320	24	5
290	24	0
1284	24	3
736	24	4
552	24	6
349	24	8
767	24	8
519	24	5
569	24	5
350	24	6
550	24	5
351	24	0
578	24	5
696	24	2
89	24	9
333	24	11
545	24	0
232	24	2
764	24	9
730	24	6
773	24	4
293	24	6
490	24	4
227	24	7
714	24	0
360	24	6
698	24	4
1293	24	3
368	24	3
200	24	4
761	24	9
776	24	3
353	24	6
695	24	3
228	24	6
300	24	8
542	24	5
269	24	4
584	24	5
356	24	0
366	24	2
265	24	6
377	24	0
334	24	5
721	24	3
702	24	5
352	24	8
538	24	5
570	24	5
511	24	9
716	24	5
328	24	5
278	24	1
755	24	6
699	24	5
686	24	6
521	24	3
574	24	6
384	24	0
691	24	0
855	25	8
1010	25	6
1539	25	3
1565	25	6
961	25	2
860	25	5
1549	25	4
841	25	5
1552	25	3
738	25	2
442	25	5
468	25	3
1152	25	3
1456	25	3
940	25	5
896	25	2
1130	25	5
857	25	0
1475	25	0
1505	25	6
1572	25	3
422	25	5
1455	25	0
903	25	5
414	25	0
1181	25	8
888	25	6
835	25	2
993	25	0
430	25	0
465	25	0
1004	25	8
1154	25	3
469	25	0
1031	25	0
413	25	3
1585	25	3
1420	25	6
785	25	3
1409	25	5
1120	25	5
1467	25	8
388	25	0
872	25	2
1012	25	2
471	25	8
1556	25	4
986	25	5
984	25	3
1541	25	2
1569	25	4
875	25	5
1423	25	3
1537	25	6
1510	25	2
1504	25	3
431	25	4
1570	25	3
825	25	2
1173	25	3
718	25	4
1481	25	6
1487	25	4
1020	25	6
1520	25	5
1433	25	5
1542	25	6
838	25	7
1512	25	3
845	25	3
1589	25	2
1564	25	3
1495	25	6
850	25	0
412	25	3
985	25	6
1522	25	0
1009	25	2
1425	25	6
1480	25	5
925	25	3
942	25	5
425	25	0
851	25	3
953	25	3
899	25	8
1575	25	5
944	25	9
808	25	3
1405	25	3
932	25	5
1021	25	2
871	25	6
1169	25	6
951	25	4
1584	25	6
467	25	8
395	25	5
732	25	5
926	25	8
1527	25	4
707	25	1
965	25	8
1115	25	5
389	25	3
385	25	5
453	25	11
1579	25	0
789	25	3
1514	25	3
1544	25	9
1558	25	3
847	25	8
1018	25	3
914	25	0
977	25	0
816	25	5
950	25	0
848	25	8
434	25	2
1472	25	4
436	25	0
873	25	0
815	25	6
883	25	4
1577	25	9
1450	25	6
957	25	2
1518	25	4
408	25	3
458	25	5
918	25	0
802	25	8
1535	25	4
31	25	6
1573	25	0
866	25	8
968	25	8
862	25	5
1485	25	5
1397	25	9
833	25	0
892	25	2
751	25	2
1427	25	5
962	25	3
804	25	11
1441	25	5
1196	25	5
1023	25	4
906	25	5
439	25	6
1442	25	8
811	25	12
1536	25	0
1114	25	5
1410	25	5
1471	25	8
897	25	5
805	25	4
483	25	5
908	25	5
978	25	6
1588	25	4
819	25	2
858	25	6
415	25	3
400	25	2
1417	25	5
398	25	6
829	25	5
935	25	5
900	25	2
1559	25	11
1019	25	3
793	25	5
998	26	5
511	26	9
714	26	0
979	26	3
1275	26	2
1028	26	8
35	26	5
718	26	4
687	26	2
977	26	0
730	26	6
1023	26	2
500	26	1
1026	26	5
702	26	5
365	26	2
572	26	5
1543	26	4
1014	26	1
686	26	6
774	26	6
1228	26	5
504	26	4
720	26	1
761	26	9
1250	26	5
1317	27	8
1301	27	8
1318	27	2
1352	27	3
180	27	5
1437	28	8
1262	28	5
736	28	4
269	28	10
647	28	0
1410	28	5
1378	28	3
676	28	5
1483	28	0
325	28	6
1365	28	3
1470	28	6
1415	28	0
1427	28	5
514	28	3
677	28	5
1463	28	3
1407	28	3
272	28	5
517	28	1
1454	28	6
1236	28	5
573	28	3
503	28	3
673	28	5
1442	28	8
266	28	5
740	28	6
1456	28	3
629	28	2
1419	28	3
552	28	6
1387	28	0
632	28	3
1469	28	6
628	28	5
611	28	5
624	28	6
571	28	6
686	28	6
665	28	0
663	28	7
1434	28	7
228	28	6
216	28	7
591	28	3
649	28	3
1424	28	8
655	28	6
1486	28	0
1382	28	0
735	28	4
232	28	2
1492	28	0
622	28	5
302	28	2
587	28	0
566	28	3
257	28	2
1381	28	0
1479	28	0
1445	28	8
1270	28	2
568	28	6
683	28	2
642	28	5
1303	28	4
605	28	3
635	28	5
612	28	3
1457	28	3
263	28	5
1411	28	0
1326	28	0
492	28	7
1421	28	3
1333	29	4
1393	29	0
1388	29	4
1299	29	6
1341	29	6
1369	29	2
1347	29	3
1367	29	5
1300	29	5
1370	29	4
409	30	4
908	30	5
911	30	2
905	30	6
1578	30	2
454	30	2
450	30	2
1504	30	3
465	30	0
913	30	1
434	30	2
1553	30	3
1505	30	6
473	30	1
1562	30	1
1547	30	7
924	30	1
1520	30	5
469	30	0
1530	30	0
892	30	0
444	30	6
923	30	1
1527	30	4
1587	30	2
468	30	3
897	30	5
887	30	0
929	30	6
446	30	3
1550	30	6
430	30	0
1541	30	2
1576	30	4
1554	30	1
400	30	2
910	30	10
1552	30	6
1501	30	8
390	30	2
463	30	3
1540	30	1
1503	30	4
1565	30	6
476	30	5
392	30	1
914	30	0
1592	30	6
481	30	5
886	30	0
1509	30	5
462	30	6
401	30	2
921	30	4
1508	30	5
903	30	5
930	30	1
433	30	3
915	30	0
1448	31	6
1485	31	5
1396	31	5
1425	31	6
1457	31	3
1441	31	6
1478	31	5
1565	31	6
1460	31	1
1473	31	11
1408	31	1
1420	31	6
1537	31	6
1411	31	0
1447	31	2
1403	31	4
1483	31	0
1455	31	0
1433	31	5
1414	31	5
123	32	3
1190	32	6
157	32	5
195	32	4
107	32	5
1113	32	5
172	32	3
1134	32	11
1169	32	6
1167	32	8
186	32	0
1126	32	2
162	32	1
1177	32	6
167	32	3
1152	32	3
100	32	6
1174	32	1
149	32	4
119	32	5
139	32	3
176	32	6
168	32	2
126	32	7
1209	32	6
198	32	0
1203	32	7
1175	32	5
143	32	0
1114	32	5
1207	32	1
1164	32	4
121	32	0
1118	32	2
1158	32	4
1130	32	5
1163	32	3
165	32	0
118	32	0
1178	32	2
160	32	0
1192	32	8
193	32	5
104	32	0
137	32	2
1133	32	6
109	32	5
1122	32	1
103	32	2
1132	32	1
181	32	1
1147	32	3
1198	32	0
1153	32	2
1179	32	0
1182	32	4
1142	32	5
145	32	7
182	32	2
1210	32	1
1194	32	7
1199	32	3
1161	32	0
147	32	0
1123	32	3
179	32	2
140	32	3
1115	32	5
130	32	2
191	32	5
166	32	0
197	32	2
127	32	0
133	32	5
966	33	0
1007	33	3
155	33	3
100	33	6
180	33	5
122	33	8
1491	34	4
976	34	2
1425	34	6
1540	34	2
974	34	6
124	34	5
185	34	6
1505	34	6
593	34	8
1592	34	6
1172	34	7
141	34	5
647	34	0
675	34	5
674	34	1
640	34	5
1551	34	2
633	34	1
167	34	6
176	34	6
1396	34	5
1515	34	4
1524	34	4
1443	34	6
1010	34	6
1477	34	5
186	34	0
1464	34	6
1531	34	5
1475	34	2
635	34	5
615	34	6
1547	34	7
588	34	5
1420	34	6
1023	34	1
1585	34	6
1544	34	4
1495	34	6
1469	34	6
1414	34	5
1008	34	4
1509	34	5
961	34	2
1476	34	1
619	34	2
1453	34	1
592	34	7
1542	34	6
681	34	0
1583	34	6
645	34	5
195	34	4
1577	34	4
942	34	5
625	34	8
168	34	2
1480	34	5
1588	34	4
1533	34	6
996	34	2
1413	34	1
994	34	2
1502	34	0
676	34	5
1565	34	6
646	34	5
1584	34	6
1435	34	1
107	34	5
171	34	6
1430	34	6
669	34	6
133	34	5
1439	34	3
621	34	5
178	34	4
977	34	0
1561	34	4
1461	34	0
162	34	1
1129	34	6
1568	34	2
191	34	5
1506	34	6
122	34	8
1591	34	2
660	34	5
973	34	5
623	34	0
951	34	6
634	34	1
1004	34	2
190	34	8
1017	34	5
1489	34	2
1155	34	5
1402	34	1
1458	34	5
1145	34	9
1550	34	6
1027	34	5
950	34	0
1500	34	6
192	34	0
652	34	1
1543	34	1
943	34	0
1006	34	5
617	34	5
1459	34	0
682	34	6
1426	34	6
587	34	0
1507	34	2
637	34	2
1178	34	2
104	34	0
1448	34	6
936	34	3
1479	34	0
177	34	4
1569	34	1
1115	34	5
644	34	5
188	34	8
1468	34	2
136	34	8
1162	34	5
939	34	6
1433	34	5
1447	34	1
129	34	5
103	34	0
1545	34	2
663	34	7
1438	34	7
1538	34	2
995	34	4
960	34	5
998	34	5
664	34	1
1197	34	6
957	34	2
899	35	10
602	35	3
923	35	1
928	35	3
422	35	5
477	35	1
661	35	6
1211	35	1
681	35	0
650	35	1
1169	35	10
682	35	6
684	35	1
917	35	2
479	35	1
180	35	6
920	35	1
604	35	0
1208	35	10
587	35	0
588	35	5
676	35	5
1124	35	2
162	35	1
675	35	5
171	35	6
407	35	1
598	35	2
1120	35	5
887	35	0
1186	35	4
419	35	1
590	35	4
679	35	1
119	35	5
1202	35	5
638	35	1
1114	35	5
425	35	0
141	35	5
153	35	3
903	35	5
191	35	5
142	35	2
1129	35	6
387	35	0
932	35	4
1188	35	2
1146	35	5
445	35	5
671	35	1
417	35	3
1144	35	0
391	35	5
890	35	1
473	35	1
1182	35	6
626	35	3
421	35	5
149	35	4
168	35	2
655	35	6
124	35	5
645	35	5
597	35	3
151	35	2
481	35	5
1197	35	6
608	35	5
147	35	0
1143	35	4
664	35	1
637	35	2
189	35	3
1119	35	2
468	35	3
613	35	1
443	35	1
161	35	6
591	35	3
892	35	0
667	35	1
612	35	3
885	35	4
411	35	1
912	35	4
1161	35	0
424	35	0
922	35	0
1160	35	1
397	35	1
108	35	5
416	35	1
924	35	4
121	35	0
658	35	2
1126	35	2
448	35	1
642	35	5
109	35	5
622	35	5
908	35	5
905	35	6
474	35	5
131	35	6
143	35	0
194	35	5
441	35	5
458	35	5
105	35	3
1209	35	6
126	35	1
409	35	1
107	35	5
1128	35	6
1164	35	4
476	35	5
449	35	1
104	35	0
414	35	0
1198	35	0
130	35	2
166	35	1
1136	35	3
128	35	1
1177	35	6
100	35	6
1195	35	1
605	35	3
615	35	6
453	35	11
438	35	5
668	35	1
182	35	4
1210	35	1
437	35	1
616	35	3
623	35	0
914	35	2
1122	35	1
475	35	3
894	35	1
398	35	6
406	35	6
435	35	5
911	35	2
647	35	0
1132	35	4
1125	35	5
651	35	3
1193	35	4
113	35	5
677	35	5
123	35	6
196	35	5
1189	35	6
897	35	5
393	35	5
103	35	0
464	35	3
1394	36	8
1181	36	8
616	36	3
126	36	9
133	36	5
1146	36	5
140	36	3
605	36	3
1162	36	5
1340	36	3
1330	36	0
1140	36	8
1301	36	8
110	36	3
1300	36	5
1372	36	3
596	36	8
611	36	5
1326	36	0
1179	36	0
1378	36	3
1381	36	0
1126	36	2
109	36	5
1152	36	3
190	36	8
1198	36	0
1155	36	5
1147	36	3
1341	36	4
117	36	5
1382	36	0
180	36	6
1365	36	3
1343	36	5
155	36	3
1202	36	5
1377	36	8
648	36	3
176	36	6
682	36	6
1199	36	3
1376	36	0
138	36	3
1167	36	8
172	36	3
602	36	3
191	36	5
1347	36	3
164	36	8
142	36	2
1387	36	0
188	36	8
1352	36	3
618	36	3
186	36	0
1350	36	6
129	36	6
143	36	0
153	36	3
136	36	8
1393	36	0
1364	36	10
1149	36	8
122	37	8
101	37	1
106	37	5
172	37	3
108	37	5
150	37	7
176	37	6
146	37	3
183	37	1
119	37	5
114	37	6
148	37	3
147	37	0
141	37	5
192	37	0
127	37	0
151	37	1
153	37	3
100	37	6
186	37	0
143	37	0
145	37	9
107	37	5
142	37	2
121	37	0
112	37	1
180	37	5
156	37	0
126	37	9
133	37	5
179	37	2
171	37	6
1188	38	5
1211	38	9
1162	38	5
110	38	3
156	38	0
1174	38	5
102	38	6
1178	38	5
1113	38	5
194	38	5
103	38	2
184	38	2
121	38	0
143	38	0
1114	38	5
1183	38	6
191	38	5
130	38	2
160	38	0
1128	38	6
1161	38	0
1179	38	2
1126	38	2
175	38	2
109	38	6
163	38	8
187	38	8
154	38	5
1196	38	7
1132	38	3
1124	38	5
1146	38	5
1207	38	4
181	38	5
1186	38	4
1203	38	7
1147	38	3
115	38	1
1189	38	6
135	38	6
1155	38	5
193	38	2
182	38	2
173	38	8
1182	38	7
1157	38	8
183	38	5
133	38	5
117	38	5
123	38	6
127	38	0
1177	38	5
164	38	8
195	38	1
1133	38	6
1165	38	5
1141	38	0
1152	38	1
1116	38	8
1173	38	5
1120	38	5
1202	38	5
1151	38	0
1153	38	0
155	39	3
180	39	6
876	39	0
195	39	4
194	39	5
192	39	0
160	39	0
858	39	6
116	39	6
815	39	6
191	39	5
806	39	5
149	39	4
102	39	9
196	39	5
114	39	6
156	39	0
825	39	2
140	39	3
805	39	4
166	39	0
147	39	0
831	39	4
100	39	6
189	39	3
108	39	5
123	39	3
157	39	5
171	39	4
785	39	3
839	39	2
846	39	2
863	39	2
198	39	0
860	39	5
132	39	2
127	39	0
133	39	5
117	39	5
120	39	6
809	39	2
121	39	0
124	39	5
122	40	8
1374	40	5
137	40	4
1004	40	8
961	40	1
1588	40	4
136	40	8
1516	40	7
1407	40	3
283	40	1
654	40	8
1506	40	5
1009	40	4
789	40	3
1028	40	8
946	40	1
786	40	1
962	40	3
1438	40	5
220	40	1
1449	40	6
1592	40	6
960	40	5
682	40	6
131	40	6
1543	40	4
871	40	6
1485	40	5
936	40	3
503	40	3
1365	40	3
944	40	9
620	40	5
1508	40	5
820	40	1
1477	40	5
1424	40	8
109	40	5
949	40	6
1563	40	0
846	40	2
833	40	0
1548	40	1
855	40	8
1499	40	1
828	40	5
616	40	3
647	40	0
594	40	1
673	40	5
1526	40	1
101	40	1
1434	40	7
1222	40	5
1448	40	6
1027	40	5
991	40	8
1429	40	1
541	40	3
1315	40	0
1523	40	1
1273	40	5
929	40	6
1440	40	3
260	40	8
1515	40	4
227	40	7
171	40	5
1481	40	6
1023	40	4
905	40	4
190	40	8
863	40	0
186	40	0
1558	40	3
613	40	1
1394	40	8
978	40	6
129	40	5
1487	40	4
660	40	5
1447	40	2
552	40	6
657	40	1
216	40	7
1560	40	1
1018	40	3
578	40	5
952	40	7
809	40	2
1467	40	8
919	40	8
986	40	5
192	40	0
1578	40	4
193	40	5
883	40	1
1422	40	5
1431	40	1
145	40	9
1376	40	0
646	40	6
1491	40	9
172	40	3
1430	40	6
638	40	3
147	40	0
1590	40	0
850	40	0
141	40	5
861	40	3
160	40	0
631	40	2
519	40	5
915	40	0
164	40	8
197	40	2
115	40	2
1568	40	2
1544	40	9
158	40	8
816	40	5
1416	40	1
1020	40	3
491	40	0
628	40	5
636	40	1
1366	40	1
138	40	3
1490	40	1
788	40	1
521	40	3
874	40	3
950	40	0
1000	40	8
589	40	2
947	40	3
681	40	0
674	40	1
1478	40	5
1462	40	3
956	40	1
955	40	1
106	40	2
659	40	0
1380	40	0
1367	40	5
1411	40	0
1409	40	5
1509	40	5
1494	40	6
198	40	0
183	40	1
984	40	3
102	40	9
881	40	3
1444	40	1
189	40	3
1309	40	0
1524	40	4
1344	40	4
904	40	6
551	40	4
998	40	5
120	40	6
1533	40	5
1033	40	1
1480	40	5
1354	40	0
921	40	7
1003	40	0
1460	40	1
128	40	1
884	40	1
860	40	5
1458	40	5
792	40	1
969	40	8
561	40	3
1450	40	6
271	40	6
838	40	7
683	40	2
1576	40	4
794	40	2
806	40	5
847	40	8
608	40	5
625	40	8
114	40	6
995	40	4
1401	40	8
1562	40	1
1024	40	5
110	40	3
1355	40	1
1559	40	11
902	40	5
1501	40	8
148	40	3
641	40	5
1349	40	8
498	40	3
1338	40	0
953	40	3
938	40	7
374	40	5
1006	40	5
188	40	8
980	40	3
607	40	8
1546	40	1
1513	40	6
1593	40	1
645	40	5
1539	40	3
489	40	8
571	40	6
632	40	3
1363	40	4
1413	40	4
1410	40	5
1417	40	5
191	40	5
802	40	8
1534	40	1
775	40	4
1521	40	1
1017	40	5
642	40	5
1329	40	8
676	40	5
798	40	1
824	40	3
945	40	1
910	40	3
130	40	2
361	40	1
1420	40	7
1415	40	0
510	40	1
979	40	3
619	40	2
166	40	0
1583	40	3
1001	40	3
1453	40	1
848	40	8
652	40	4
105	40	3
839	40	2
1384	40	7
139	40	3
977	40	0
1581	40	5
1025	40	1
1556	40	4
570	40	5
1191	41	8
115	41	2
850	41	0
1116	41	8
1177	41	6
895	41	0
1202	41	5
1407	41	3
1155	41	5
124	42	5
163	42	8
180	42	5
164	42	8
157	42	5
106	42	2
114	42	5
170	42	1
140	42	3
113	42	6
197	42	2
179	42	2
151	42	2
148	42	3
133	42	5
149	42	4
933	42	2
893	42	6
153	42	3
911	42	2
139	42	3
123	42	6
150	42	7
412	43	3
112	43	4
166	43	0
476	43	5
114	43	3
432	43	0
143	44	0
145	44	9
147	45	0
149	46	4
448	46	1
745	47	0
199	47	2
697	47	0
570	47	5
781	47	5
276	47	0
705	47	2
733	47	6
252	47	2
278	47	1
299	47	0
337	47	3
704	47	4
322	47	0
1243	48	1
269	48	1
276	48	0
774	48	6
485	48	2
538	48	5
691	48	0
1217	48	5
527	48	1
567	48	5
732	48	5
1253	48	5
532	48	2
351	48	0
223	48	1
579	48	5
499	48	1
723	48	1
227	48	3
1293	48	1
492	48	7
296	48	6
583	48	8
242	48	5
571	48	3
371	48	8
760	48	2
749	48	2
1220	48	0
1244	48	1
496	48	3
752	48	9
1215	48	5
1270	48	0
775	48	3
1281	48	0
357	48	7
487	48	8
707	48	1
343	48	2
1233	48	5
690	48	2
699	48	5
574	48	7
363	48	3
336	48	6
378	48	2
1287	48	7
313	48	1
519	48	5
295	48	6
529	48	7
263	48	5
516	48	1
685	48	1
522	48	1
725	48	8
493	48	10
1232	48	0
525	48	5
292	48	8
584	48	5
511	48	9
703	48	8
1272	48	1
286	48	6
376	48	1
534	48	1
199	48	1
202	48	2
562	48	3
502	48	6
498	48	3
582	48	1
1269	48	1
364	48	1
737	48	8
570	48	5
542	48	5
546	48	0
308	48	5
347	48	3
290	48	0
554	48	0
1274	48	5
345	48	1
561	48	3
1256	48	5
569	48	5
380	48	6
772	48	5
549	48	1
334	48	5
384	48	0
248	48	1
508	48	0
501	48	6
505	48	9
1239	48	5
297	48	0
1277	48	4
1229	48	5
688	48	1
323	48	8
259	48	6
382	48	3
268	48	6
763	48	1
560	48	1
333	48	11
751	48	2
1241	48	1
580	48	1
249	48	1
1236	48	5
765	48	0
524	48	1
261	48	1
758	48	6
1247	48	5
766	48	1
696	48	1
543	48	0
713	48	3
354	48	0
353	48	6
528	48	8
1249	48	8
578	48	5
727	48	10
377	48	0
339	48	0
738	48	1
325	48	6
510	48	3
1278	48	1
572	48	5
734	48	0
1225	48	4
235	48	7
1223	48	8
500	48	3
289	48	8
350	48	7
201	48	6
1216	48	8
744	48	3
1282	48	5
309	48	5
757	48	1
514	48	3
531	48	3
495	48	8
577	48	8
342	48	6
513	48	3
518	48	3
566	48	3
562	49	2
747	49	3
304	49	2
733	49	6
328	49	5
575	49	5
547	49	5
1240	49	8
776	49	3
344	49	3
556	49	2
731	49	0
1257	49	0
318	49	2
356	49	0
745	49	0
280	49	6
1292	49	3
289	49	2
366	49	2
269	49	4
266	49	5
495	49	8
1282	49	5
709	49	5
347	49	3
780	49	0
772	49	5
538	49	5
703	49	8
507	49	5
314	49	0
1296	49	3
563	49	8
301	49	0
350	49	6
503	49	3
486	49	4
383	49	7
754	49	0
276	49	0
362	49	9
548	49	4
688	49	4
724	49	0
555	49	0
382	49	3
494	49	0
541	49	3
566	49	3
576	49	2
203	49	6
315	49	8
567	49	5
257	49	2
695	49	3
691	49	0
708	49	3
561	49	3
209	49	4
542	49	5
325	49	6
497	49	8
272	49	5
373	49	6
741	49	5
216	49	7
501	49	6
200	49	4
521	49	3
1286	49	3
1223	49	8
217	49	4
703	50	8
731	50	0
743	50	4
201	50	4
716	50	5
765	50	0
755	50	6
714	50	0
736	50	4
719	51	5
722	51	3
1324	51	2
1396	51	5
845	51	3
500	51	4
1383	51	6
1165	51	5
1303	51	4
1379	51	7
283	51	5
728	51	7
851	51	3
531	51	3
1311	51	2
787	51	6
785	51	4
852	51	9
699	51	5
1374	51	5
496	51	4
826	51	3
343	51	2
242	51	5
793	51	5
1120	51	5
269	51	4
1273	51	5
1335	51	2
872	51	2
1318	51	2
1359	51	6
1310	51	0
1443	51	6
1336	51	5
1307	51	6
213	51	5
790	51	4
774	51	6
819	51	2
578	51	5
911	51	2
559	51	4
931	51	6
813	51	9
876	51	2
701	51	6
870	51	6
1327	51	3
810	51	2
862	51	5
1395	51	5
885	51	9
1209	51	6
235	51	6
773	51	2
382	51	3
357	51	6
355	51	6
755	51	6
830	51	2
907	51	6
928	51	3
1360	51	6
383	51	7
874	51	3
834	51	5
871	51	6
1204	51	4
789	51	3
806	51	5
687	51	2
1297	51	3
1352	51	3
1331	51	6
244	51	6
404	51	6
715	51	2
749	51	2
334	51	5
866	51	8
201	51	4
814	51	6
838	51	7
241	51	6
1340	51	3
828	51	5
348	51	5
1114	51	5
1372	51	3
864	51	6
1274	51	5
536	51	6
848	51	8
916	51	4
901	51	4
893	51	5
863	51	2
829	51	5
897	51	6
1306	51	6
240	51	2
245	51	5
1353	51	6
883	51	4
217	51	4
1247	51	5
562	51	2
272	51	5
1287	51	3
808	51	3
1299	51	6
712	51	2
486	51	9
849	51	5
771	51	1
1439	51	3
832	51	2
525	51	5
1413	51	4
1464	51	5
732	51	5
1222	51	5
367	51	9
840	51	6
517	51	3
919	51	8
1304	51	4
1368	51	2
1275	51	2
1449	51	6
746	51	5
275	51	1
760	51	2
809	51	2
741	51	5
889	51	2
761	51	9
1351	51	3
906	51	5
847	51	8
1312	51	3
782	51	6
524	52	4
799	52	3
939	52	6
1215	52	5
1279	52	8
552	52	6
984	52	3
377	52	0
647	52	0
1256	52	5
958	52	3
850	52	0
1247	52	5
353	52	6
1269	52	4
1231	52	5
1220	52	0
845	52	3
1267	52	2
543	52	0
1007	52	3
572	52	5
307	52	0
1268	52	5
992	52	0
683	52	5
1017	52	5
205	52	2
564	52	3
838	52	7
849	52	5
347	52	3
283	52	4
794	52	2
1020	52	3
734	52	0
1018	52	3
1011	52	3
604	52	2
847	52	8
320	52	5
962	52	3
1260	52	4
982	52	5
286	52	6
324	52	2
865	52	3
530	52	8
880	52	7
1259	52	2
566	52	3
722	52	3
1001	52	3
986	52	5
871	52	6
522	52	4
1252	52	4
485	52	2
870	52	6
1278	52	2
1214	52	5
581	52	4
1243	52	2
1226	52	4
947	52	3
327	52	6
540	52	6
995	52	4
306	52	2
652	52	3
785	52	4
820	52	0
991	52	8
300	52	8
1217	52	5
1029	52	5
560	52	4
1010	52	6
1254	52	4
372	52	5
294	52	5
1225	52	5
989	52	5
341	52	3
519	52	5
496	52	4
1237	52	4
287	52	8
359	52	8
316	52	3
1263	52	4
952	52	5
814	52	6
960	52	5
1265	52	1
346	52	4
510	52	4
705	52	8
1003	52	0
323	52	8
874	52	3
717	52	6
787	52	6
972	52	3
1015	52	6
977	52	0
354	52	0
993	52	0
660	52	5
824	52	3
1000	52	8
851	52	3
691	52	0
371	52	0
335	52	5
804	52	11
384	52	0
1233	52	5
288	52	2
811	52	12
345	52	3
343	52	2
593	52	8
822	52	3
1023	52	4
1224	52	4
983	52	3
1414	52	5
866	52	8
861	52	3
505	53	4
219	53	2
203	53	6
245	53	5
1233	53	5
1262	53	5
569	53	5
1228	53	5
1288	53	3
272	53	5
503	53	3
1287	53	6
525	53	5
269	53	4
492	53	7
328	53	5
501	53	6
565	53	2
573	53	3
556	53	2
529	53	6
294	53	5
513	53	3
351	53	0
209	53	6
362	53	9
564	53	1
382	53	3
1214	53	5
326	53	2
578	53	5
1239	53	5
252	53	4
1284	53	3
263	53	5
297	53	0
1219	53	5
572	53	5
552	53	6
1280	53	2
350	53	6
567	53	5
227	53	7
279	53	5
584	53	5
319	53	6
253	53	0
343	53	2
551	53	4
271	53	6
1282	53	5
511	53	9
259	53	6
347	53	3
341	53	3
575	53	5
1292	53	3
248	53	1
266	54	5
273	54	2
258	54	4
259	54	6
277	54	1
257	54	9
238	54	4
1285	54	1
204	54	5
271	54	6
235	54	6
255	54	6
244	54	6
212	54	4
217	54	6
211	54	5
265	54	6
236	54	6
230	54	4
1288	54	3
224	54	1
386	55	3
428	55	0
417	55	3
427	55	4
407	55	1
390	55	1
473	55	1
445	55	5
454	55	2
476	55	5
398	55	6
480	55	8
439	55	6
405	55	2
458	55	5
460	55	11
469	55	0
443	55	2
409	55	1
403	55	5
467	55	8
475	55	3
455	55	1
397	55	3
466	55	1
468	55	3
402	55	1
401	55	5
481	55	5
431	55	4
447	55	2
437	55	1
423	55	1
464	55	3
421	55	5
453	55	11
662	56	3
1387	56	0
1392	56	1
511	56	9
630	56	6
1479	56	0
377	56	0
611	56	5
322	56	0
659	56	0
641	56	5
1307	56	6
750	56	2
660	56	5
517	56	1
350	56	6
1299	56	6
585	56	2
1339	56	3
642	56	5
759	56	5
617	56	5
677	56	5
347	56	3
333	56	11
1396	56	5
220	56	1
574	56	6
765	56	0
602	56	3
561	56	3
1315	56	0
361	56	1
1446	56	6
658	56	1
1427	56	5
295	56	6
648	56	3
699	56	5
353	56	6
626	56	3
698	56	4
345	56	3
692	56	6
740	56	6
1434	56	7
1330	56	0
1357	56	0
739	56	2
1354	56	0
595	56	7
1348	56	1
1413	56	4
732	56	5
1319	56	3
1333	56	1
1455	56	0
1325	56	3
686	56	6
312	56	1
706	56	0
496	56	1
742	56	5
693	56	1
286	56	6
748	56	2
384	56	0
1340	56	3
680	56	1
1379	56	7
1408	56	1
374	56	5
727	56	2
1370	56	4
1463	56	3
709	56	5
1309	56	0
632	56	3
318	56	2
1472	56	4
734	56	0
313	56	1
1480	56	5
587	56	0
1222	56	5
1382	56	0
619	56	2
1452	56	2
1323	56	5
1399	56	3
636	56	1
774	56	7
1314	56	0
704	56	1
1369	56	2
644	56	5
1362	56	1
1423	56	6
1451	56	6
633	56	5
1347	56	3
736	56	4
676	56	5
1440	56	3
1386	56	9
1335	56	2
649	56	3
539	56	2
670	56	6
731	56	0
700	56	1
777	56	1
756	56	1
1353	56	6
671	56	1
615	56	3
301	56	0
371	56	0
559	56	4
1390	56	0
751	56	5
1375	56	5
701	56	6
1365	56	3
606	56	6
779	56	1
638	56	3
343	56	2
590	56	1
1360	56	6
302	56	2
622	56	5
753	56	1
341	56	3
687	56	2
778	56	4
768	56	1
674	56	1
1415	56	0
728	56	5
1393	56	0
1327	56	3
1483	56	0
696	56	4
1253	56	5
1358	56	4
493	56	2
618	56	3
745	56	0
761	56	9
1373	56	0
297	56	0
327	56	6
1367	56	5
1422	56	5
225	56	9
328	56	5
679	56	1
738	56	1
621	56	5
694	56	5
550	56	5
373	56	3
1352	56	3
673	56	5
597	56	3
1363	56	4
1266	57	4
529	57	6
1220	57	0
522	57	4
1262	57	5
1281	57	0
254	57	1
311	58	6
960	58	5
974	58	6
659	58	0
992	58	0
1246	58	5
1264	58	5
341	58	3
318	58	2
985	58	6
348	58	5
1026	58	5
677	58	7
488	58	5
663	58	7
1263	58	4
1239	58	5
379	58	2
652	58	4
1251	58	2
676	58	5
347	58	3
639	58	3
997	58	0
613	58	1
970	58	2
616	58	3
330	58	5
1217	58	5
286	58	6
585	58	2
1006	58	5
1268	58	5
1005	58	1
344	59	4
363	60	3
371	61	0
414	62	0
435	62	5
458	62	5
466	62	1
402	62	4
439	62	6
387	62	0
447	62	4
388	62	0
471	62	8
484	62	7
477	62	1
470	62	1
398	62	7
408	62	4
480	62	10
455	62	1
469	62	0
475	62	7
451	62	0
417	62	3
450	62	2
474	62	5
431	62	4
397	62	4
401	62	7
427	62	4
436	62	0
482	62	4
421	62	5
479	62	4
449	62	1
476	62	5
472	62	5
430	62	2
411	62	4
434	62	4
415	62	3
409	62	4
413	62	9
395	62	5
432	62	0
445	62	5
452	62	5
394	62	4
446	62	7
467	62	8
454	62	8
400	63	2
858	63	5
443	63	4
877	63	2
818	63	2
451	63	0
455	63	1
803	63	7
408	63	3
407	63	3
800	63	0
861	63	3
433	63	3
391	63	5
402	63	4
879	63	2
428	63	0
789	63	3
456	63	1
479	63	3
453	63	11
401	63	4
483	63	5
1439	63	5
826	63	3
421	63	5
445	63	5
405	63	1
838	63	7
435	63	5
790	63	4
468	63	3
392	63	1
825	63	2
873	63	0
869	63	6
1443	63	6
398	63	6
459	63	5
814	63	6
813	63	4
798	63	10
424	63	0
464	63	3
423	63	2
853	63	0
867	63	11
796	63	2
469	63	0
389	63	4
463	63	6
413	63	3
874	63	3
450	63	2
833	63	0
817	63	2
427	63	4
425	63	0
787	63	5
447	64	2
392	64	1
430	64	0
478	64	1
386	64	6
1164	64	4
462	64	6
1174	64	1
427	64	4
1121	64	8
1191	64	8
476	64	5
411	64	1
408	64	3
1127	64	4
446	64	1
1138	64	5
405	64	1
441	64	5
469	64	0
1115	64	5
387	64	0
422	64	5
435	64	5
1152	64	3
1131	64	6
1147	64	3
1156	64	1
479	64	3
407	64	1
389	64	4
433	64	3
390	64	1
439	64	6
437	64	1
440	64	6
1184	64	5
426	64	8
455	64	4
451	64	0
484	64	3
1177	64	6
1207	64	4
470	64	1
449	64	1
402	64	4
1183	64	8
1160	64	4
463	64	6
1151	64	0
406	64	6
1132	64	4
1161	64	0
395	64	5
409	64	4
1206	64	4
416	64	1
1157	65	2
1172	65	7
916	65	10
1162	65	5
911	65	2
918	65	0
1160	65	1
1116	65	2
1113	65	5
915	65	0
1133	65	6
907	65	6
1208	65	4
1124	65	2
398	65	6
924	65	1
1205	65	0
1177	65	6
481	65	5
899	65	8
1183	65	2
1169	65	7
893	65	5
930	65	1
925	65	1
1143	65	1
923	65	1
1186	65	1
1202	65	5
1185	65	6
1194	65	7
1176	65	5
1206	65	1
904	65	6
895	65	0
447	65	5
919	65	8
1149	65	2
422	65	5
1196	65	7
1118	65	0
890	65	1
922	65	0
1189	65	6
1193	65	4
1163	65	1
1202	66	5
428	66	0
476	66	5
482	66	6
1167	66	8
1145	66	9
431	66	4
1130	66	5
891	66	8
1158	66	4
1122	66	4
895	66	0
483	66	5
402	66	4
928	66	4
1177	66	6
1175	66	4
1191	66	8
462	66	6
1150	66	0
463	66	3
1116	66	8
388	66	0
393	66	5
1183	66	8
922	66	0
408	66	3
902	66	5
395	66	5
1185	66	6
468	66	3
446	66	6
422	66	5
888	66	6
436	66	0
1138	66	5
450	66	2
923	66	4
1181	66	8
1152	66	3
420	66	5
1149	66	8
398	66	6
1155	66	5
1176	66	5
435	66	5
475	66	7
889	66	4
1135	66	4
417	66	3
400	66	2
1146	66	5
1141	66	0
467	66	8
460	66	11
388	67	0
456	68	1
422	68	5
429	69	3
431	69	4
475	69	7
455	69	2
421	69	5
425	70	0
520	71	4
1270	72	0
1267	72	2
1271	72	2
1245	72	5
1235	72	1
582	72	2
732	72	5
1268	72	5
764	72	9
1256	72	5
716	72	5
1226	72	4
611	73	5
1235	73	1
625	73	8
1259	73	1
639	73	1
1223	73	8
1264	73	5
1256	73	5
658	73	2
594	73	1
1226	73	4
1224	73	1
612	73	3
619	73	2
1274	73	5
676	73	5
1278	73	2
1265	73	1
660	73	5
683	73	2
636	73	1
679	73	1
1281	73	0
589	73	2
635	73	5
624	73	6
1273	73	5
1263	73	4
1272	73	1
652	73	1
674	73	1
1236	73	5
663	73	7
1228	73	5
653	73	6
656	73	1
647	73	0
1239	73	5
627	73	0
1233	73	5
664	73	1
1262	73	5
1280	73	1
1219	73	5
1218	73	4
670	73	6
1246	73	5
671	73	1
650	73	1
1245	73	5
617	73	5
610	73	1
642	73	5
681	73	0
602	73	3
618	73	3
1222	73	5
1237	73	4
1276	73	0
630	73	6
649	73	3
655	73	6
1282	73	5
682	74	6
639	74	3
969	74	8
987	74	3
1009	74	4
591	74	3
1000	74	8
665	74	0
989	74	5
990	74	10
953	74	4
972	74	3
1019	74	3
1031	74	2
1015	74	6
949	74	6
962	74	4
1318	75	0
1165	75	5
1373	75	0
1338	75	0
1173	75	3
1379	75	7
624	75	6
1330	75	0
1336	75	5
1113	75	5
1381	75	0
1347	75	3
1383	75	7
1367	75	5
1204	75	4
1376	75	0
1387	75	0
669	75	4
1353	75	6
1333	75	4
1343	75	5
1395	75	5
1345	75	4
597	75	3
1369	75	2
1368	75	2
1393	75	0
1352	75	3
1380	75	0
1319	75	3
646	75	6
1302	75	2
1313	75	5
1203	75	7
1122	75	3
1209	75	4
1390	75	0
1176	75	5
617	76	5
683	77	2
660	77	5
1030	78	1
670	78	6
653	78	6
1309	79	0
1338	79	0
1383	79	6
728	79	7
1319	79	1
687	79	2
1368	79	8
1516	79	7
1376	79	0
727	79	2
1388	79	4
1327	79	3
733	79	6
1367	79	5
1310	79	0
731	79	0
772	79	5
702	79	5
705	79	2
913	80	9
908	80	5
816	80	5
809	80	2
1582	80	3
929	80	6
1113	80	5
787	80	6
1120	80	5
827	80	0
867	80	11
1198	80	0
788	80	1
892	80	2
1568	80	2
1537	80	6
1508	80	5
1122	80	4
800	80	0
1557	80	3
1592	80	6
877	80	1
850	80	0
1561	80	4
1124	80	2
838	80	7
851	80	3
904	80	6
1505	80	6
919	80	2
1154	80	3
1556	80	4
895	80	0
831	80	4
1572	80	3
861	80	3
801	80	3
1155	80	5
1496	80	3
906	80	5
1585	80	3
905	80	6
799	80	3
1539	80	3
1203	80	7
1193	80	2
1586	80	2
823	80	1
1588	80	4
1201	80	9
836	80	4
1579	80	0
828	80	5
859	80	3
935	80	5
1163	80	3
1129	80	6
1194	80	7
1164	80	4
1558	80	3
1177	80	6
860	80	5
1495	80	6
933	80	2
897	80	5
1559	80	11
1590	80	0
1565	80	6
1522	80	0
1228	81	5
824	81	3
1256	81	5
864	81	6
1226	81	4
798	81	4
1225	81	5
844	81	5
816	81	5
827	82	0
1133	83	6
811	83	12
833	84	0
837	85	6
854	86	6
862	86	6
932	87	5
919	87	8
935	87	5
900	87	2
926	87	8
1118	88	2
1158	88	1
916	88	2
892	88	4
1144	88	0
929	88	6
927	88	1
902	88	5
888	88	3
914	88	4
935	88	5
1171	89	9
1189	89	6
888	89	6
1150	89	0
913	89	1
1162	89	5
930	89	1
1130	90	5
1158	90	4
896	90	2
1177	90	6
1199	90	3
1154	90	3
893	90	5
932	90	5
902	90	5
1182	91	4
1146	91	5
1194	91	7
1574	92	2
958	92	1
1162	92	5
1146	92	5
1189	92	6
1202	92	5
1197	92	6
949	92	3
945	92	2
1169	92	6
994	93	4
1059	94	8
1107	94	8
1101	94	8
1103	94	2
1086	94	5
1076	95	5
1073	95	5
1098	95	5
1091	95	5
1066	96	1
1067	96	11
1076	96	5
1097	96	5
1081	96	0
1099	96	5
1086	96	5
1069	96	0
1058	96	2
1042	96	8
1085	97	0
1082	97	5
1067	97	11
1036	97	1
1094	98	2
1074	98	5
1095	98	4
1067	98	11
1066	98	1
1078	98	0
1080	98	2
1089	98	1
1073	98	5
1102	98	2
1090	98	1
1080	99	2
1081	99	0
1067	99	11
1102	99	2
1112	99	1
1066	99	1
1060	99	0
1044	99	0
1105	99	2
1095	99	1
1036	100	1
1090	100	1
1049	100	6
1047	100	4
1099	100	10
1081	100	0
1069	100	0
1058	100	2
1098	100	4
1079	100	3
1084	100	0
1057	100	4
1070	100	4
1052	100	0
1054	100	2
1037	101	9
1091	101	5
1048	101	3
1093	101	10
1039	101	4
1062	101	0
1109	101	2
1098	101	4
1071	101	2
1051	101	2
1046	101	3
1099	101	10
1079	101	10
1095	101	10
1049	101	4
1088	101	4
1076	102	6
1085	102	0
1063	102	4
1106	102	8
1060	102	0
1070	102	1
1111	102	8
1101	102	8
1075	102	0
1105	103	4
1082	103	5
1091	103	5
1048	103	3
1089	103	1
1098	103	1
1037	103	1
1043	103	1
1097	104	5
1053	104	1
1043	104	1
1103	104	1
1066	104	1
1044	104	0
1056	104	1
1092	104	5
1108	104	1
1048	104	5
1112	104	1
1049	104	4
1038	104	2
1069	104	0
1051	104	2
1091	104	5
1088	104	4
1065	104	1
1089	104	1
1044	105	0
1055	105	0
1077	105	4
1038	105	2
1105	105	2
1091	105	5
1099	106	5
1074	106	5
1094	106	0
1102	106	8
1067	106	11
1040	106	8
1085	106	2
1051	106	2
1081	106	0
1084	106	0
1086	106	5
1100	106	5
1069	106	0
1048	106	5
1064	106	8
1093	106	5
1038	107	2
1093	107	5
1045	108	0
1093	108	5
1069	108	0
1049	108	4
1099	108	5
1101	108	8
1088	108	9
1040	108	8
1107	109	8
1049	109	6
1047	109	4
1065	110	1
1107	110	8
1080	110	2
1038	110	2
1064	110	2
1073	111	5
1110	111	10
1039	111	2
1092	111	5
1049	112	4
1097	112	5
1082	112	5
1048	112	5
1061	112	5
1041	112	5
1072	112	5
1077	112	4
1091	112	5
1067	112	11
1076	112	5
1040	113	8
1093	114	5
1048	114	7
1107	114	8
1099	114	5
1060	114	0
1109	114	2
1069	114	0
1062	114	0
1044	114	0
1042	114	8
1064	114	8
1043	114	5
1040	115	2
1073	116	5
1056	116	4
1044	116	0
1086	116	5
1041	116	5
1062	116	0
1108	116	4
1046	116	4
1096	116	4
1105	116	2
1099	117	5
1071	117	2
1067	117	11
1041	117	5
1059	117	0
1091	118	5
1100	118	5
1070	118	2
1072	118	5
1077	118	4
1059	118	0
1057	118	1
1056	119	2
1086	119	5
1045	119	0
1102	119	2
1100	119	5
1082	119	5
1079	119	4
1105	119	2
1044	119	0
1093	119	5
1041	120	5
1100	120	7
1045	120	0
1044	121	0
1099	122	5
1045	122	2
1089	122	1
1045	123	0
1087	124	7
1063	124	4
1048	125	5
1094	125	2
1104	125	2
1092	125	5
1084	125	0
1091	126	5
1083	126	4
1099	127	5
1054	127	2
1056	128	7
1059	129	0
1061	130	5
1062	131	0
1067	132	11
1067	133	11
1069	134	0
1069	135	0
1072	136	5
1072	137	5
1077	138	4
1078	139	0
1081	140	2
1084	141	8
1111	141	8
1091	142	5
1097	143	5
1100	144	5
1110	145	10
1108	146	4
1124	147	2
1313	147	5
1369	147	2
1335	147	2
1173	147	1
1485	147	5
1303	147	4
1138	147	5
1125	147	5
1454	147	6
1438	147	5
1336	147	5
1194	148	7
1210	148	4
1149	148	8
1135	148	1
1124	148	2
1129	148	6
1209	148	6
1123	148	3
1160	149	9
1127	149	4
1243	150	4
1354	151	0
1304	151	4
1364	152	2
1562	153	2
